850176 127908
850057 157848
828005 145089
861994 160156
849537 157510
867125 168762
838142 156770
847644 164348
856349 158150
860606 152843
869288 168662
838328 185708
860986 140320
829229 143653
866051 172932
871556 194747
865489 161762
851840 110475
846256 154064
836081 178429
859707 202806
849938 156042
894124 202052
864325 170593
848108 161786
817619 181929
858058 196183
861242 161722
885793 172115
850577 157049
877125 161227
883864 111281
891699 170415
802394 87835
862759 157988
824185 167369
813124 157130
840335 164912
858042 178196
846257 145306
858516 151301
851282 153750
905005 164126
857309 139276
845589 192916
895245 150977
863995 150435
862642 159379
861631 169376
858934 162874
912023 160368
842824 177832
824560 133679
842281 175525
860845 155375
841096 188742
821428 153468
840357 169437
827802 189078
844734 164570
847812 114745
887269 166179
830159 134329
850925 157811
847276 121785
870599 149782
780153 136449
814379 132655
834483 173379
852423 159874
854012 157449
883375 158482
850219 110573
836450 151205
881217 172320
813239 139752
871255 140340
789356 159383
873690 156226
858834 149259
778867 140736
872057 122354
882097 161493
787336 144875
849751 167033
843833 170416
850663 157840
812240 177846
838609 140215
850959 157920
859703 156782
854753 190254
895723 126593
857833 170565
850200 164752
845303 150476
877422 134877
850153 155701
819256 201704
871689 155981
818014 140185
815298 167390
864088 171351
902529 162041
908069 146564
799326 106384
854996 81095
843813 182032
888504 147016
877964 242679
851866 156896
821361 175823
810775 160434
843150 156573
844088 150085
830620 117906
835790 127898
819541 117296
858703 157931
857846 153281
876408 183646
842576 153072
848974 199427
862925 243856
856561 128799
834171 189042
872516 217570
869167 105039
819670 183364
846575 159002
895127 152283
830445 186055
792179 148539
852410 187705
853554 158012
927170 250593
825605 167750
846731 162515
878170 123364
884966 133900
866987 154415
846284 113820
873474 159567
878258 158631
882306 173836
856924 169071
794260 129843
851568 114049
868736 179354
925732 210388
868375 161990
855593 161003
849599 157084
868317 177001
800304 163436
823740 169808
856202 158811
883929 121705
851010 157593
872506 157517
850533 160136
816393 185056
850911 157772
812942 85345
835581 147664
913298 162009
858172 137586
872781 154295
871597 185239
923120 170161
837019 215527
835702 176502
837017 154170
859177 143273
866851 129505
855852 134834
924289 171369
860154 113364
836739 162321
850775 162968
884750 154317
849681 125345
854463 159977
883567 161769
848137 87922
823676 152154
848135 130674
844400 150812
864494 136669
878157 210496
851088 157432
786528 104976
860106 157080
861412 205239
820675 168154
834036 144156
842907 133992
846720 162060
871544 144135
849003 115373
856753 145184
839757 190518
865113 161302
846936 161313
845802 172285
844357 163402
881106 105566
877835 151890
839445 149778
866560 165110
845798 213118
818668 120458
831446 182864
900955 185733
836647 167267
874672 104851
849126 121710
889142 154467
855993 225023
854095 158510
850787 125678
859298 139834
829216 121494
837676 148639
851919 127963
841353 125628
848563 117708
893106 176595
852503 146551
848290 143184
825541 151495
883231 232031
864667 143614
805089 96540
854909 149938
847097 176660
910435 171155
878749 188759
871780 158486
841292 155620
846011 160034
855969 193497
860927 110775
808069 134402
848413 183717
791722 162000
852104 134678
806567 140259
847423 161535
867993 162841
828038 149181
849404 170474
841967 150890
850945 161669
888697 143969
813868 188928
864991 159874
881109 152198
811694 188374
900360 153622
885764 151791
814553 164190
895623 178393
829790 205695
865170 173755
850453 155432
864211 216526
848770 111076
791199 164843
834165 140684
843905 219401
857328 143692
838146 159541
340693 569371
315965 587160
405652 622938
359831 554975
349296 557688
289423 559134
408689 562521
321312 574721
286568 547471
370259 585265
339967 562602
410917 614521
283570 563726
347197 591316
342064 570045
317331 556086
335792 541310
330455 568758
366794 582584
378697 591764
339981 565418
338342 566864
338474 563350
432052 613723
340064 550509
334354 578047
296775 572432
353335 592567
334016 562797
328438 532686
365927 571713
343247 564376
325057 581121
330881 579058
378648 579579
339115 566863
333299 597586
367048 553451
345840 561591
366934 581294
358793 547046
393570 579641
304399 545221
353979 578923
337002 589527
327738 559624
334549 579199
297110 556485
327403 548875
413894 564459
326043 553772
337811 558454
333901 532836
340545 568654
358483 554925
318065 581616
367751 578289
331667 570387
321519 561045
299578 572052
339632 536577
339993 544064
268672 508874
332960 569308
345042 566973
352220 602793
333934 537464
312386 555195
334182 558498
335328 562880
303637 570253
353145 580916
325118 556212
294310 563522
371563 547746
373894 555347
407040 577739
337298 565486
357813 572855
304157 566007
335918 566525
330127 570072
339212 538693
357275 551101
334785 565575
326152 563230
345903 561314
238748 551038
331175 551842
352520 566829
341675 560197
354746 552404
412500 594675
277027 536847
322209 547247
375619 553791
288068 561932
344770 570309
284031 566654
324442 567881
356246 549756
404420 577532
336829 562228
293591 522132
342963 582232
338860 561151
324055 590810
328331 541094
357737 597104
392534 593343
298665 568245
343376 575709
338863 563107
361370 552483
338935 567577
350117 535859
371000 555062
368617 554066
331795 529654
344237 573700
280110 522025
328657 564864
452457 597461
333669 542228
320628 564596
316642 553340
340712 563178
349955 535578
261538 525920
411008 607342
317136 563479
297022 574097
319927 524637
359772 568428
344791 578536
324093 580491
373907 558472
321905 573147
341721 576427
386373 606623
338588 543875
341578 558672
371616 570648
331987 568997
341329 565571
334350 556417
330482 571217
338950 572545
289087 565427
343997 585193
225786 529417
365567 547606
320827 519618
286990 529505
321517 569562
388806 569524
411796 581307
331440 551885
325958 573367
348171 569251
344239 530765
419151 577335
321309 569996
386377 574187
342099 561508
366688 562413
321657 538660
403004 613466
363304 553764
384922 582877
304556 568584
336787 538925
327998 571265
303269 531608
313649 523765
337889 558031
360165 553303
340032 561740
338634 564414
351459 565704
412767 593558
283474 532727
336928 557412
366478 594677
343450 570659
331616 565089
354529 573677
276703 559740
282066 560178
331366 567311
321910 573825
290107 571927
281979 518199
374695 563163
340191 567638
338583 563529
358312 559466
338474 564151
338205 566246
342901 582886
265815 540385
304086 576100
347966 563506
346144 560472
352381 592377
318681 528806
369366 561201
310041 533285
344314 595915
363956 609339
328586 551385
330767 552963
312558 520650
315850 573154
379388 567285
329905 579935
352209 548608
357679 548036
339288 588052
330335 568221
341559 562163
341925 569393
327695 543105
335999 549795
302359 534317
332586 566187
330750 561657
400380 588221
337910 562252
336549 565597
343717 559909
332116 594868
358384 556361
415881 584352
345164 579614
316395 537403
340970 564831
340383 600071
326627 534442
356865 545785
306298 551902
347575 565576
302583 571881
352424 557574
279008 521035
335029 553213
338753 563384
324032 577807
327973 534972
321924 527106
345495 579864
385091 599401
361138 551307
332884 533990
269126 508814
350056 566657
374117 546122
350283 559840
335525 567445
350798 535657
289002 520678
324516 522674
364844 571623
351815 574947
275524 559548
348773 583528
308966 523409
316313 570785
341966 561987
341446 538787
318823 565345
347522 587567
293746 544468
334983 572690
325125 564342
330145 546705
336336 563145
302353 545544
321216 569834
285152 520229
335027 565050
332270 556288
341016 545280
339640 561426
338633 563504
324952 565867
353583 554147
385183 556284
292636 520371
289176 571435
310944 559497
336974 563207
337173 557853
396903 591235
324440 567074
333378 557892
300366 565761
344437 529492
325871 558965
367641 556309
344552 554676
297212 546223
355924 577596
331340 524203
292932 558293
306346 523584
341966 586266
282430 560217
326251 549298
335201 585318
351564 573155
322365 530808
405542 600089
296763 528676
221233 538472
338084 560295
345674 579033
325883 560492
345123 577788
329859 564384
353939 570931
409616 575024
365058 545456
404782 557913
368724 598412
344096 575522
182618 346663
171461 348130
186536 330019
177241 292639
248683 383412
174057 358906
215243 289985
170688 343596
144502 345417
165689 356983
168443 367928
165158 343946
159711 352701
175781 341039
233480 289069
189029 366740
168573 350387
170271 306395
192775 350028
152054 345632
139299 314046
202053 322650
134695 350397
159654 381778
188093 324040
183236 338163
156984 430950
182751 435819
198908 372797
198517 325721
161345 350804
210497 359835
141993 331189
170788 373545
166449 363036
155479 345893
186380 363938
129332 360811
224225 376975
165945 345849
223550 323197
122755 434879
166584 349245
179472 342273
148749 359845
177505 332053
160222 380591
178869 370161
170002 370000
164354 347671
169966 368623
145867 363616
181561 358111
164915 350360
166973 341636
153181 277968
155505 355581
160835 347784
211265 396792
203254 362605
137967 354539
174064 357989
179609 408365
176506 351827
172879 347028
180506 330980
185966 359964
146070 316860
152957 321354
163190 331719
186914 361706
159191 309314
170425 316185
162040 316797
195000 354829
126702 351222
213064 290947
140612 350010
172885 352621
170155 343568
186806 334070
146072 288800
169293 348686
169502 411323
152861 407965
156041 295117
117585 391892
163981 344090
158664 310765
141113 351050
163796 345091
160369 353500
235671 300234
140876 334435
108232 373112
192460 388323
133744 308918
216209 437830
156945 339397
199859 316334
159496 331641
167845 341409
182435 365508
133795 360518
169628 365003
167262 399527
177728 352687
130683 363204
198197 344933
197735 355477
172020 342883
185561 342784
202011 337353
157394 346500
182050 424341
129664 341196
173188 355248
182499 310438
170384 339979
182093 321311
185696 338006
102221 374657
165881 364469
164875 349007
159120 340829
168274 374689
178495 373915
179811 342089
162606 363185
173908 362098
133580 348602
190634 357254
186503 369651
127134 379827
169145 355279
140121 346875
141860 324304
200251 306215
174373 363552
170022 347877
165657 338722
186361 351075
213022 338238
155228 357729
171614 435530
175586 365049
187858 381077
171074 293610
153738 360530
199043 270173
165886 348709
159428 300364
197463 378513
161273 347538
186082 330058
143732 279724
142899 329415
156977 424622
174878 362329
148915 338914
187324 377187
175766 380534
185071 362905
158550 354818
174672 345849
169880 343122
109090 326101
187854 354777
153903 353738
190241 329582
102983 382712
143117 345163
188985 367645
174834 411644
144228 344974
146821 297434
171848 343242
 94382 320888
154412 310120
176490 344679
170616 352610
 81648 360080
153607 379395
183970 355973
105444 361358
158571 361986
177579 319865
198892 322470
216975 296647
166654 350678
189102 333074
198712 303299
137098 384889
144306 328086
142455 343512
178319 318244
168886 353913
174656 393278
130805 354417
176433 350561
142252 329183
165476 377389
210102 333312
129453 321221
144705 375936
206687 342276
153583 352282
189499 356601
159392 351000
181463 326571
162975 335389
157691 334886
154167 353183
165607 362883
182239 333302
176982 354631
183516 374212
191099 341570
184570 360446
207804 354938
198493 326704
149269 341445
184798 392233
174438 319075
107124 325984
 76052 360840
159302 337993
140101 341028
168149 345638
150009 371014
157193 350343
111476 358647
151164 332239
171318 373473
175169 349454
162600 392531
168067 340249
170102 323164
124132 340448
149863 284721
168079 347343
128953 304971
169228 364545
198415 321418
183610 321788
220869 407358
159472 372246
170837 353968
165653 317602
135537 356169
166973 334724
158750 312102
161448 373412
158713 379013
180493 319750
125715 302114
194033 340466
158871 312380
161387 343617
169121 347594
167653 352074
125902 318850
217686 296514
171986 429306
211360 279794
157181 346842
188909 341194
140128 325904
117874 389929
162921 317643
173978 346514
 98533 355691
194956 372256
164847 287064
174410 372064
149092 352682
166323 352927
178515 370287
169337 348605
122986 334382
145282 391482
185919 363092
180519 368284
181227 347052
168284 309036
198251 335402
160922 347681
141861 328909
147911 328024
178264 330827
178235 346006
195151 317753
122360 357480
167330 332452
115363 305575
185661 404482
177858 352255
113068 317574
125675 360158
172842 351663
124724 459999
169069 348929
185253 344152
155625 262321
158201 315944
171277 361020
209553 326461
160165 362858
190725 336160
169994 409806
179463 361279
172662 388185
165284 425978
160206 303063
155690 368375
124516 325289
179326 321160
165573 305517
155508 372355
166799 318482
161780 324523
168805 351913
206519 355629
163091 350167
176144 353300
179483 359645
213951 352868
164046 346109
169569 346955
225356 318394
214966 358837
159253 343477
219779 330969
169876 340860
669118 354195
613682 399434
617399 392653
629247 364078
641070 424917
609532 388425
629369 398359
605911 379990
622550 391601
607905 403460
679465 399014
608711 373665
623498 399288
601212 370698
574989 407228
563517 391159
687717 379483
616040 330855
653024 367312
607440 403119
620240 397022
599215 391457
587478 424878
613921 394043
624328 392133
635887 384511
559877 401053
617755 401065
693265 388552
559933 403956
655859 416496
625919 402984
595215 391491
617493 379303
598657 442558
601644 436831
617118 374098
591051 389443
617296 386864
616468 394118
630384 376295
558770 390646
637332 414017
556780 409205
577473 384210
650054 432740
595063 328609
714443 433876
603566 410391
562356 383175
546166 423311
626539 394908
663820 416308
710910 464586
624310 398408
632546 389750
667249 417107
608309 377530
611357 393577
658219 436184
615032 402225
628131 406850
632390 363198
575116 345564
625784 441883
618893 419740
579564 428498
686324 364237
586242 396484
623248 399928
609219 362804
537211 376777
605310 394011
634973 450542
595411 413706
613037 419086
617444 397675
633304 366062
592620 446156
631633 337973
619637 395224
620330 398630
621964 409409
618446 372298
629789 426313
608687 374928
680646 375662
591831 438997
550086 442382
620330 396776
551236 401856
617178 414525
584938 344365
622636 456843
649987 408293
613719 382828
576987 392508
599766 409755
584077 398498
695514 321521
561388 355834
691600 397893
610676 449688
600114 413216
626811 372435
636291 360636
570384 393553
626700 401688
624106 398619
523329 404632
611954 360938
613536 395801
576488 397913
652745 406585
603193 371867
610026 444858
629725 405117
648429 422590
562772 382904
638823 411764
617764 397102
579922 379009
610698 396326
642607 374702
621629 397208
659321 404555
576235 462612
598628 425191
623502 420376
665965 449273
608923 385575
611579 407670
617573 386848
589862 418742
653325 396810
605073 372055
623137 408209
499262 398424
619339 401624
619295 397643
578878 420108
533577 355107
615934 426539
690195 475150
673514 390760
657120 386782
549945 372313
675858 410545
626586 415166
618449 404599
638783 399478
578113 395458
622557 361134
635324 420555
666135 430421
689725 465685
593601 445149
615094 383077
624599 417673
573969 434110
642881 403147
634383 422065
582389 428200
617330 369828
621989 394856
651828 468138
612936 398723
613351 407952
562777 437516
533212 366954
618113 400002
609344 448128
615342 413931
623989 368662
620187 400168
687638 439257
573925 449341
547270 403384
619318 361696
588432 446279
592924 393730
615325 383841
611875 422910
681941 370225
620818 396967
662154 385013
554938 347875
628655 321099
619628 399433
660333 393215
618391 348381
565829 395454
617689 397001
604554 393193
572417 403906
659193 384523
632060 367800
633894 404424
620610 395343
615175 397627
624293 333944
593689 316888
617319 374666
572244 349463
619239 400025
621622 390298
622101 371771
630205 338054
654147 407182
637594 420311
629004 392271
585207 336451
618349 397614
650157 402991
638966 486628
655201 411873
602335 433298
630706 388370
617428 397343
621537 390372
631365 450732
618406 404239
601390 453925
603945 361794
619427 396945
660103 414557
700340 335010
608182 416637
661166 404325
620939 385731
626371 349696
614683 367259
619332 401992
587453 401098
652349 321291
617954 395504
636807 424537
533889 333741
623386 387031
632952 385722
695010 449565
626843 367696
488205 420586
611547 411952
621241 368090
581240 362971
608747 363132
662177 420431
615665 405490
617447 366176
560393 389490
685785 409913
623433 400160
609091 437020
624343 403629
668879 388617
567105 437623
657450 365008
591955 378142
588952 437524
607665 447516
608601 418450
662830 420955
605891 428146
615239 317684
588933 366439
618053 357534
