664159 550946
665845 557965
597173 575538
618600 551446
635690 608046
588100 557588
582015 546191
604678 574577
572029 518313
604737 574591
577728 587566
602013 574722
627968 574625
607269 536961
603145 574795
671919 571761
612184 570393
600032 575310
627912 593892
601967 604428
591851 569051
601444 572693
629718 558104
661430 603567
597551 556737
601182 582584
562704 570596
605107 563429
607214 575069
568824 570203
612485 518009
589244 573777
625579 551084
560237 500154
626224 569687
610666 551701
597428 569940
600582 599535
604168 555003
613871 550423
617310 551945
625728 579460
606300 566708
638559 558807
582176 630383
544056 577786
631297 578351
561574 621747
604973 574773
605284 556134
617910 592293
555904 640401
526559 509417
603849 572396
598634 619900
603359 589262
657455 567754
614279 599251
578496 631434
645171 595209
688015 533535
656477 573007
540029 563888
597418 538362
613545 574733
628696 542447
604157 574191
603126 497987
605850 533310
596179 529556
610330 552628
598184 531473
620438 511694
600202 622079
603021 577991
515612 540643
606548 574376
593490 623110
607084 595500
583728 563146
616044 533807
624452 584622
604438 574666
625709 660145
601376 579831
565148 557305
639418 537903
612799 537497
583653 652182
599808 596484
605250 573272
606738 601356
611044 571814
575440 568511
616329 529516
605927 572533
609286 586782
647354 579190
606929 571420
562920 559223
680357 620811
707100 601463
604294 574368
614917 600946
611508 503220
603789 574474
551740 588768
546031 570429
569197 559307
688712 568754
604067 574091
606809 572101
588597 622592
613840 534167
576263 547239
597077 568196
601339 571609
606011 569426
593398 559764
593166 622725
609796 532982
712648 607541
585048 505097
525967 565687
660327 585901
607604 573951
604001 573587
591484 571087
613868 585089
645464 660478
538571 654649
555429 604551
597620 586226
586097 567445
545235 539822
649088 575733
599123 616977
563763 559454
617717 613939
618869 577243
567188 560044
636628 533309
560362 567914
595014 632844
605876 550640
604352 573425
600679 599545
596891 579476
614943 540976
604415 571400
603698 573585
658199 568743
598759 582942
671269 590258
593317 534085
657985 453405
608557 590278
623004 508050
601900 569391
641031 593074
589658 640498
567565 573952
559078 570088
639431 588155
566609 537592
568570 579335
660650 615038
667639 571164
596796 529933
606111 617846
616060 590779
602873 527864
571334 594145
602167 543919
605100 573307
546640 560043
585195 555011
651740 589474
589112 536573
582057 543124
690968 555952
609030 552436
632125 541413
603445 630598
628264 616214
577242 574073
604090 574392
607911 576556
600665 638890
600117 539079
631182 565466
695646 652231
619445 567491
613191 571942
567428 580005
590583 623314
606289 670243
585175 574133
634967 579020
614615 574437
593061 579188
606933 576409
606587 573873
594084 629464
683697 581516
601530 577183
603055 589818
616561 619007
607463 477085
611581 572630
579712 568354
602887 595245
600039 557139
605913 579526
579773 568698
606324 544357
605958 573728
606144 575076
667472 570571
580048 565009
597802 576113
610263 574422
603855 575180
624369 532153
599870 591110
577167 617095
658403 611332
563460 480559
610980 522819
569422 567790
627727 578737
592804 584539
540783 626497
591823 639096
637323 549567
638078 629421
611315 560757
647103 573853
522993 595581
601187 531825
533799 564377
649034 528813
620975 564344
622407 583192
597026 642918
551291 576721
608768 610525
697959 614701
658281 582264
546632 599204
672565 564468
636500 587401
696144 548705
533551 582247
526802 551524
553038 606418
696601 603624
588964 597435
716139 621721
608529 586311
557378 567033
589994 610890
589344 563119
624415 515911
565483 551512
584895 574666
582777 542670
639394 576728
608298 573748
663578 586265
628080 562986
597421 554767
595193 576508
658103 572250
659529 498474
606415 581386
641976 577433
587466 564953
589180 595099
601885 573083
580561 528916
621726 578003
558817 576255
620213 574468
594010 570095
541976 512639
593840 578685
602667 575857
631446 561156
596481 567449
611318 581584
568546 564911
593865 572987
597017 575588
578804 573582
673750 594081
592714 553958
594029 586701
668502 563937
629533 537542
801539 318482
801667 318542
814045 332998
800479 321640
757470 224976
844536 424646
797105 316002
779956 271501
797205 313318
801323 316240
783666 262902
806131 312752
830658 368694
802482 335269
801910 325434
808062 337340
789833 304422
803603 327255
800865 312968
802237 318526
803959 315173
800123 312312
780927 285057
797242 324588
801551 320544
809182 319115
801931 317202
870801 476330
820327 352701
801093 317509
798523 324500
805237 318655
803375 311620
801441 323812
797313 317527
788220 301915
790395 300024
817135 349925
797787 301470
804630 332333
808710 330379
802111 320817
796375 309563
819768 346596
814605 354382
800565 319364
802089 313456
814401 341234
796609 319691
776131 248465
803464 329093
802646 317894
809550 327365
795322 311178
830450 393096
778414 260729
800041 318331
802814 320130
802738 312234
823913 369439
803386 318982
812869 346251
798904 324420
800447 331643
807446 342555
804251 329956
797594 302109
803448 314797
765502 240340
795527 315510
794640 313497
808717 335740
790932 305223
816852 352965
826228 376658
795299 312036
808686 332209
809594 344872
799275 324108
878184 487392
798472 322218
824822 367091
746769 205186
756701 207223
795489 287279
800483 320713
783491 288029
797162 306135
800272 316170
806827 324616
802853 314938
800804 316615
813173 354777
801588 319814
797400 315778
823840 368410
811391 343836
801055 321833
804038 306622
803780 334441
834173 386159
802784 313853
807293 347456
817119 336333
786635 269352
824624 381716
797415 319840
800772 325023
806626 318966
800845 311838
769386 259892
797272 324228
807409 325526
795836 291870
798321 319665
805372 313397
790738 308028
800667 315995
795205 316433
809054 345541
808452 320117
779897 279572
782642 275308
797569 321799
801751 318110
787644 297715
807401 314610
800677 310656
800394 301473
795571 310093
814158 335578
811913 325091
806982 316680
775604 274485
800133 327081
806511 313841
803796 314893
802012 318315
826789 377676
814108 344096
804354 309671
807017 330432
803774 334756
817410 346944
841928 398948
816145 349032
818622 370753
786245 292352
784164 285702
805390 319676
790774 303642
803277 319525
833182 379714
773023 251826
801609 320399
778965 282290
814317 333112
805080 323708
801080 318049
799724 318884
798059 316113
806176 320301
769876 257669
825716 373098
791983 298565
801386 313545
804871 317801
810903 332925
838276 395673
810543 341180
777978 252419
820258 351165
801997 319385
779437 281959
810253 323873
794826 309589
814280 344223
832651 373469
794142 306704
802041 319504
804190 320706
798983 325682
840462 402858
799912 323363
804119 328544
804358 320802
803057 331037
803031 325811
784151 283760
800444 311497
802004 317772
803470 319069
811277 335577
803332 315488
800037 317963
813436 360446
800694 316789
838129 404012
764997 249477
800316 311699
806848 320541
805462 317833
798308 312788
802655 316263
801456 320080
801309 318213
840886 397888
829529 375007
830805 370801
804979 334141
804013 316083
808489 317021
770113 241615
804332 319006
833661 389733
797834 297329
794956 309980
801232 307078
809552 342258
794615 305632
809259 345634
811502 355939
801301 316893
803370 318247
804702 315881
797009 293194
813791 334609
812965 330224
826048 374236
800959 322309
803405 317316
802254 320673
783116 265635
798633 317300
801482 327644
798612 326404
799001 302014
802537 312497
799794 315080
793892 313943
804691 332987
793855 298525
796952 318633
800655 320227
801780 318992
805977 320805
796916 323332
820904 351763
808405 318841
765283 249459
824212 363776
798981 311092
797178 310439
800582 316980
803839 310353
796283 315582
801145 317601
801662 318423
801782 318281
803377 319212
803932 318781
806192 337849
789583 287700
801586 318947
804251 331304
799667 316830
759789 229116
799021 326404
793684 312065
806320 315242
786234 267976
821151 366545
801903 312794
782506 279930
803627 319323
794991 291216
794667 315069
799291 317500
798243 324160
804408 337683
818119 348676
810502 336169
793560 285392
801326 315779
808644 326320
813645 328765
800966 317165
797111 302781
802431 322048
811061 333595
786719 283364
773955 239849
803701 321815
783110 289805
800235 316652
807421 317527
797947 319734
805035 317469
801166 322298
846693 429031
801493 322249
806087 326636
810657 329468
801313 300606
800390 309948
801634 318965
799197 314215
795254 296488
807696 320548
800461 326821
801174 320442
809781 326904
826585 366934
804429 312164
788005 292268
801183 316191
378274 816341
406233 813072
401478 785370
448651 847994
434440 822866
369199 734895
413241 771595
369418 733394
378563 789670
424190 780052
415993 776671
421352 799127
432656 783776
383032 788008
414377 771258
425260 773661
469139 810971
442979 803024
347079 803582
412797 803180
352874 807952
442286 755194
416433 786159
419700 793447
422961 821595
400008 789447
429586 775621
457561 788245
415417 785827
389552 750700
415598 786499
443447 783977
404792 749210
389392 730768
473485 847098
491614 778997
437483 785130
452570 848127
417197 778243
405986 787439
437568 794323
420319 794333
418963 746595
469422 822619
397688 762902
418149 790096
407289 798870
360319 778673
473799 795167
445199 763833
446537 828924
410019 732704
396540 815936
407694 718592
417091 792545
442260 754050
411526 784658
407814 765816
394022 803914
481133 781413
396118 794614
458538 786673
419721 789724
424476 781552
377720 727349
448336 789445
412227 787450
408745 824896
417016 774869
395274 786698
412541 806622
412109 735920
407023 787385
376660 815936
396548 784388
508535 830710
414014 816460
440782 782395
436951 814456
393758 750953
418410 795929
425991 787029
414562 787355
408712 803987
377858 811790
417169 792321
460371 780609
388873 746909
395641 808571
386436 791388
440667 768761
438437 730300
370839 727884
422917 781112
391555 789079
402666 814060
474368 812039
406176 760860
463768 793154
446307 796523
402309 786873
413946 786971
425053 790566
416926 785113
424023 737453
417447 782955
415672 787824
416019 787562
417515 787648
459230 803720
447833 819282
418199 851439
417393 771537
441415 780207
399634 751940
373360 784232
419227 779215
434717 808225
397669 792218
412028 773494
407504 803363
365147 790525
459328 805961
429472 860855
480128 785580
344915 702496
410969 770451
407460 791404
420476 750495
397747 792207
408428 771823
397806 749559
426040 825049
407565 766203
414317 828815
410610 765111
412388 784064
406337 750353
422419 754048
416039 730594
414512 793966
398478 822297
424375 721868
403890 792420
400902 772920
402367 782997
472917 830363
418621 840463
329002 727685
418618 811618
425356 745471
470922 770669
400598 790903
412851 774986
492415 829655
400079 749617
417673 785965
424720 768456
386415 801444
426689 788562
430747 776261
405714 781619
429220 787348
427850 762201
434080 785264
473514 788780
412386 777312
430686 844506
409142 811927
422198 724557
392185 713763
412677 786951
399149 784376
382693 749680
527515 831478
448519 805219
430779 770145
413556 758080
392140 769924
416855 794023
389713 772742
398498 776720
473727 807244
389410 788256
377230 790154
415564 784464
456799 844976
444336 820061
404359 783919
453154 776082
425019 759577
415895 775793
420083 787815
506612 858859
436648 859634
403522 785432
401407 759648
403852 792473
367398 701756
412453 784453
382124 786262
416884 786845
448865 836781
383821 808301
414249 796590
457338 789952
396276 785999
390282 789593
409417 758123
397561 815245
397137 742547
402891 801910
385257 791581
409628 833942
369249 797068
460942 779073
423146 737571
420509 788730
422736 790806
401492 790336
394018 799506
385140 796221
430243 781020
416775 806826
425796 795608
411488 837715
433989 765343
415806 783594
417023 771194
415270 775605
391163 811977
405350 762342
414860 773921
371779 814715
415631 805010
387951 813315
472691 802678
471930 844046
432892 815223
366654 802105
411721 717873
426115 814461
375997 806621
385561 718324
375573 809249
437958 784801
363857 784086
430138 818594
435085 791564
414036 742189
425611 793420
439793 740773
467107 817914
387631 749416
430001 765803
384225 784381
417146 822655
427371 819417
399587 792459
474648 778810
345692 788190
409515 756149
469782 780552
468229 827985
414951 852935
409701 750741
442826 795974
459556 818479
423311 813081
476144 772131
391976 789416
448649 813885
496658 816784
410336 767856
430167 811490
357467 797530
404220 785798
446368 763341
439514 758221
424145 743433
470062 771204
421187 779726
396617 801039
394708 739061
394912 755947
425950 788228
408283 806161
419520 778231
441950 785934
409814 836083
395817 788858
422776 808328
363959 810632
422943 804253
407626 771304
347933 797148
457554 795861
394274 837428
445674 768552
416359 786189
419485 804779
376176 795539
349378 805118
456566 743012
484407 809641
403329 717870
392795 817694
372621 772258
461751 817277
489182 773934
427388 815258
418155 819422
437035 755506
416444 783624
777811 751059
823974 725025
749723 781756
875160 698897
828194 742074
800913 749332
831165 783383
793019 764859
810467 706465
803540 754792
844662 654835
803962 731228
823065 733789
822156 732296
811389 723618
779936 774397
854769 713941
803457 735855
790712 745884
815652 733433
841289 701474
832054 751330
786032 701427
824835 704997
832886 781206
818063 797960
857620 709386
828589 652430
836727 737798
776000 780347
824098 714042
830583 710990
862189 735684
815131 704478
828478 655405
784838 771499
880362 706363
767482 727417
825070 734215
813781 738344
840863 737972
840943 739611
828276 762021
822883 728314
854886 769396
829623 732301
835428 731189
818338 800932
823417 701523
812152 689907
829969 699565
861563 661642
816955 747629
774526 757135
803577 712231
798056 714380
881789 727577
858867 700187
834996 728517
839121 736259
841045 738224
840100 728839
874544 686096
862334 747768
820253 714625
817862 732248
844729 682981
846484 719360
793669 724513
821906 732848
826465 646980
820350 748217
814540 707227
838223 766380
869471 745767
816054 733183
801177 737548
848783 748980
814105 723255
838036 749612
840270 725456
789601 714058
827169 708345
789448 738035
835030 668528
848151 741869
816091 747764
801511 761094
822670 689090
873672 734440
808153 737136
755829 751858
814697 729209
832758 707452
848264 762550
799903 784535
802674 727804
828147 808738
820707 705318
824594 741664
804474 747122
823108 733302
839514 728923
827711 732798
851644 721350
816390 711340
798007 723995
790612 738038
821909 728448
865754 723314
735295 814058
877711 703850
792990 685472
809917 762429
789388 712210
879221 655497
876935 684572
819439 735945
807929 730950
850451 764015
811748 766105
824765 761114
848586 789052
812231 739235
873532 712802
842590 716861
832798 734777
817640 730018
824322 744720
777697 798253
868493 677155
805658 698630
840349 790707
796953 726378
832589 782799
817441 709397
856029 730586
805089 762512
854628 773470
846090 651306
796943 674692
827192 785316
818209 719382
795200 786424
817777 724927
846512 683647
825080 746712
824674 806300
822616 735941
805391 732659
823250 732088
850376 739749
821337 733356
796786 724615
862425 741010
825690 703854
800872 672603
825395 715780
843911 730036
820238 732928
848570 703697
825515 738284
820367 732364
822025 749214
837718 761480
871723 685520
850904 720163
816775 739989
822103 732911
815455 755486
835648 756631
868626 737331
825997 730652
817252 730254
877906 722361
808440 729985
791470 751113
841654 764836
825429 732758
751215 828365
804706 788001
820194 734233
869991 705259
809779 663654
822078 711840
866139 717138
829379 718721
837582 763266
783999 732487
800231 732106
862569 719773
838764 652792
849343 713993
828297 715480
821259 750089
874643 729921
819058 729125
817018 729596
797804 715342
838515 768484
829398 724900
754841 796342
878690 739021
821908 732077
786495 759000
823987 687499
787988 741203
839339 726322
822425 727248
854412 725575
788351 737539
838587 700545
840425 762290
817395 734126
807913 737341
872285 750708
788166 702817
836225 709204
822293 786837
888892 702505
822623 745025
795124 696429
832238 725434
815593 689874
843572 784897
833716 758772
822474 780882
801102 759330
841752 731595
808779 732990
822533 758955
817807 715863
837977 728814
801204 755177
819628 810748
814732 734183
832086 716249
876503 659112
823856 749355
819737 737829
818756 743887
811971 664520
801526 705057
827031 734324
843891 721571
810460 735109
782368 759352
801172 715857
866928 716961
829673 730398
850888 736810
786935 732999
769656 721159
804925 735492
870054 738900
818932 728481
853692 746285
807072 687932
750459 800215
823959 737866
835804 710711
790206 747165
813092 739043
801810 728106
825404 733788
820947 730529
827081 694553
822664 720677
768565 762193
823113 733720
821079 800206
828531 731300
820757 738235
781260 737962
819438 662327
833504 744564
789552 731946
822843 763117
775555 719683
865084 713697
820455 729132
849547 738979
762269 792243
821464 700760
824013 753991
803369 698753
823589 728083
796353 710294
820083 728310
829133 735488
823455 747394
818542 740451
809623 734937
841762 777572
802184 751958
803874 675499
830065 739162
824140 729074
852730 769968
866760 753547
811031 703822
825414 734466
816615 770855
786227 765634
817269 733788
809453 736879
757421 774445
818251 731938
788020 765562
823618 734216
812295 728049
837545 696979
797918 694723
822224 742716
821895 732158
797233 713358
800258 733812
813319 737376
860951 162251
860387 157731
857363 154639
863391 126214
839094 159543
849248 164090
875990 133950
905936 150106
895835 123485
818079 108536
898976 198452
869087 153957
849653 143827
834293 161575
844234 153197
835128 212354
828179 155649
875410 128878
850965 156224
800816 176612
832621 150748
876863 176593
826192 172906
862679 188399
839974 154358
854338 135067
855233 141357
850538 160159
868442 160118
888714 205560
864185 161232
851280 156049
875825 204959
840375 155757
892340 149050
873527 126426
836433 200181
826499 142732
854922 159650
883537 210648
807420 168787
840299 118907
834602 213597
864053 139325
856454 117143
857972 160214
850046 108829
804936 148980
864374 150149
858587 150101
870247 121460
855656 162100
