577773 434308
606558 458285
620955 389692
738190 371970
634661 446187
571692 449353
605650 447537
639502 371440
684568 380640
658735 399039
618157 384990
618869 398187
603388 403039
585255 415823
639507 438534
594112 399331
619475 400592
571570 375257
659297 373975
603285 449307
610199 394579
590500 418472
630904 404643
591725 406549
621560 397789
563182 367521
593879 444161
616054 371666
627679 395601
608195 447380
616737 397973
650120 324477
616926 398697
650859 460072
642157 345545
601369 411415
604703 392288
721905 378957
619415 397644
571043 347389
659191 459637
629978 400626
688487 383589
598053 438963
635242 356290
605899 412428
656642 407213
619924 406713
630067 372798
600007 377908
589164 386733
630491 379017
618676 377015
639613 388524
669409 415893
681608 436537
649968 371445
629000 417990
658884 390135
605407 427914
629891 414975
621778 364695
610722 418243
601599 388540
615649 429323
627206 402647
643965 366316
614877 402442
606486 420054
668482 358452
628715 434772
196462 887983
335970 846828
272394 837600
211165 825505
226433 837646
219686 859997
242087 844255
213558 873714
245144 845719
247997 878582
283576 809069
224676 859348
298214 820903
245468 859425
222704 824909
250921 819639
249209 801933
230591 874855
234091 876039
286769 862152
224789 866804
245023 849247
263626 851699
250198 825417
231263 863308
307605 840195
276635 875623
230399 842538
274070 798617
247939 831010
209922 850026
300726 862728
222727 770963
239505 885057
291561 845450
221122 832810
194258 914691
228928 855040
264627 808661
225916 843329
240221 843932
276600 823311
204854 810013
278326 829095
246047 846189
251032 876118
285258 848668
260943 889692
245928 867228
221002 870506
292872 896822
261896 897475
269723 849664
243941 843256
249370 872804
237120 856814
257472 849587
253703 834676
238080 830689
225991 869734
231781 799444
296892 901182
234604 822462
241473 860854
219864 842635
235901 856563
207217 878249
256949 820470
204597 863162
325275 866433
239344 814789
187894 871219
259973 862559
189752 865463
245707 844466
188480 870646
305915 854818
242443 851797
227138 824372
229970 878786
281971 825246
241166 845204
225846 874086
284077 905181
258975 837353
241972 840749
245602 857160
227363 836593
257926 936947
237689 839510
267799 847911
207552 772091
201567 881003
265125 820661
273165 852766
290210 818593
256487 868899
271395 862063
251958 886571
249253 856047
268289 878265
295375 861990
256316 818886
246470 842932
314666 849163
298979 774144
192885 887667
227819 900986
250003 859517
249857 844975
218369 851387
252586 806474
283017 850861
228095 843338
266980 825990
241381 844402
294053 878220
253339 750941
241413 845029
294326 807584
257856 846423
248210 886338
216846 737568
244743 830888
277055 860813
279923 805957
235041 823732
238524 842928
246453 883061
260590 827955
274554 845338
245254 907991
299821 866288
261120 804153
246729 879602
240308 844341
220620 819091
268926 813783
234219 845270
188424 849785
240171 843940
163766 859386
191257 802651
224852 934148
261093 844962
228711 848090
183478 851724
201080 823689
118590 857150
264798 767716
313609 860065
232246 844226
237757 834092
222682 806314
243331 844022
197362 870337
229857 843917
244257 776516
224083 852922
309399 838744
271205 817620
242247 864253
235337 831592
232357 810798
252199 828023
267049 950249
245678 821691
241138 844374
246182 840370
264175 824349
266977 887963
274685 883097
244260 847060
256073 917590
258416 835432
241687 844256
282603 846165
228032 893055
226949 889283
264274 813041
139601 914203
229131 842806
236274 861302
261819 863523
200005 825237
310591 841778
244049 817710
235022 911236
256512 837094
236495 861569
256889 880721
258528 856273
233284 860085
257480 849037
269354 811847
222445 891438
222356 840843
236207 886769
174371 864697
159683 838958
237750 837381
241545 838673
256082 831969
246468 838071
205919 844377
266111 813259
244246 847589
244899 812192
219316 898830
251866 864044
238308 790723
209264 836661
242519 845811
351883 890475
278929 842054
244027 850132
248570 843156
224681 858432
210276 824826
220884 916718
240846 841609
257093 801567
236749 813868
332237 911313
288954 846991
238084 844799
236431 844100
299772 828655
241633 846949
230107 858332
256216 903741
258135 880184
232331 872896
183583 787453
264293 890923
213208 833959
224288 931476
261622 869706
297183 841456
241849 815141
308616 811021
220931 876605
289719 866638
233931 838374
224694 848663
240645 855514
229567 855332
247613 815836
239387 847822
257788 880587
245532 846331
224241 828996
227582 856861
244618 845420
213775 841758
243511 830743
244799 841688
216061 848623
294492 832336
248931 844960
267478 894783
228715 837572
269483 848608
248276 844455
236987 881080
223732 826580
230149 886583
265299 859533
181803 799487
247210 859012
261633 773355
262370 891499
250394 847577
222019 839774
238328 770068
208941 860169
238714 858826
241005 825301
270742 847836
238492 833394
312726 853829
286663 846902
261796 819395
253890 807676
242415 844335
134134 842630
163956 833732
250359 849451
295357 842293
218942 848326
205466 778884
253899 862843
244966 841126
208494 850615
221126 837878
271093 861412
216543 842952
255185 825960
251070 877802
264565 859237
228611 836717
228517 837056
198583 860431
215976 836025
254411 848090
168036 807011
292194 906490
243951 865415
260922 785987
245740 814541
317675 838127
274505 864723
230049 865536
235084 818866
172690 847721
221706 875060
236740 853169
298800 824277
265246 889333
219498 851932
247484 846372
288675 919879
229280 813483
282622 879222
307300 836132
238260 882489
219049 825171
219321 848396
240028 849354
212009 864463
246857 852483
245118 811283
247855 794626
253655 821946
241475 850889
210162 860529
204922 854068
225567 853078
245258 799882
257134 845851
187314 815820
294275 174786
329428 66056
325938 164475
253129 154296
319838 170383
240213 118409
283784 178305
376613 159699
338717 181582
304283 183656
314519 146787
270899 175377
291228 101272
291170 110147
321522 163852
202627 179376
307913 91419
311093 169734
321775 164846
294832 124284
295537 91032
383044 180418
338570 192256
337894 175289
359796 165920
316263 163806
320972 170417
277860 111893
367806 123963
359352 162962
350964 149159
332201 181702
287966 150135
346942 152780
232784 169847
292492 99170
334529 166765
363208 238649
196795 190277
353333 113156
373191 88470
333789 151168
339732 163158
321822 187102
276792 141848
308044 164482
311328 159477
383052 89061
316820 150304
314479 178821
310824 144943
333143 200298
300672 175844
339482 151261
319208 164182
321645 164662
308763 166511
308066 145825
360143 155270
348893 195430
319283 158983
332284 194186
292402 184441
361227 221878
313573 109221
310693 154278
344482 215846
358652 186358
330533 214555
320400 160020
267662 127175
396583 82842
292193 125417
324121 96346
321344 166633
234837 151054
368060 76739
347050 150472
245783 109229
400550 144359
343217 153037
315488 160339
347406 155708
336845 172750
357014 148222
331862 169092
322140 165212
363075 162238
318738 182134
346717 178180
311819 140674
332032 157725
301983 173386
321556 163352
315830 102777
312275 145173
325861 203058
360703 150999
345976 148333
320210 191459
318665 158107
425563 163524
264427 188193
348177 179526
265430 151883
320718 158610
380609 185976
345234 188822
362027 150348
300294 178772
315963 174031
333787 189423
337343 156614
334812 137431
347492 153416
324518 167369
353991 193997
274321 219665
335476 183897
300021 159185
384591 137729
320000 162605
268938 211870
366146 196571
356280 185198
325767 164095
350480 214608
314791 163370
302582 134124
328851 147002
347039 195468
289531 145743
343018 239960
271123 163465
326959 154655
332307 189590
310529 141617
380281 205779
411606 137378
348191 165419
305292 175260
256120 141529
390934 170420
358562 112650
355499 224982
363437 77975
232043 177614
246753 175170
327204 152871
371685 151612
291723 177824
324488 180658
340048 131847
295311 115000
239495 163949
267521 119941
401396 125431
260930 184935
336085 170252
291782 159562
307616 207295
352910 145624
294653 104623
372883 222824
318707 160697
281548 175184
307747 128551
336991 217448
270233 195701
433100 134861
311433 134432
375353 117180
315146 160782
311163 166821
305333 171939
332470 161202
302266 185591
370775 144355
314552 151035
343145 172236
331212 162496
299460 144708
383894 179880
345703 149860
331381 162660
344364 213940
378347 144880
322789 137560
328425 159826
341137 78287
317771 154916
336266 148507
342066 119083
297177 88467
280519 165350
305901 166656
284757 175853
281732 221764
321262 178491
344710 213543
311408 168232
356500 188114
304376 222294
278116 185472
247892 115217
306326 164202
311516 94189
323747 163351
321778 158339
309501 166931
333942 143344
339393 209145
340996 170964
315333 144566
332853 168141
290958 168323
297731 175876
280274 182662
306540 193434
319155 159850
355168 114823
270201 236813
347630 120931
446538 180119
371052 147369
403365 215735
258201 153095
335121 214149
283786 133973
353951 133923
345069 165968
367079 183232
363932 228249
354132 161850
390538 157197
333805 148479
325344 159885
323905 168029
274495 182470
309684 150076
381617 157000
322841 169735
359520 132845
249616 144446
321620 169950
415495 116126
335742 196692
271424 251323
340066 152500
327734 163585
346079 220993
276741 143844
377042 182019
400055 131725
332246 172932
310386 171068
327569 158418
324444 166910
317217 163896
270404 183080
277512 151920
324966 170021
306421 145493
382419 110392
318266 171979
321245 141627
318192 170844
320821 165455
329029 204399
311065 219934
287127 192494
283571 109326
308748 199866
369490 164369
270729 67329
279010 181792
282957 179982
308489 145929
327927 168535
327022 161396
376557 109320
248427 146381
321182 150806
312337 154488
268518 181514
285865 167818
279251 184486
306042 66361
318215 180010
293978 197091
338044 233264
293864 241877
344380 183817
316257 171544
248779 111087
313783 177198
415534 110526
296164 96874
315670 160928
339137 160334
290700 196285
307107 174760
325279 168587
328423 161604
333883 276840
308555 134011
322101 164171
306357 123397
292931 125341
284378 223470
335003 151395
267212 158699
343851 193618
296627 93375
334980 143900
335235 180161
360945 167952
257841 193878
275288 212315
331798 143962
333937 51121
328775 156501
319829 168353
293201 192871
327608 177638
332562 174699
348815 150017
312227 159417
324337 162686
323329 93955
291973 127483
258779 106777
325360 134919
267264 153034
312421 170617
293350 175997
275459 190178
244344 185382
252845 181181
357923 192120
382720 263255
326040 156509
165104 543395
139903 592241
132705 557674
114311 601605
102460 533057
185935 554627
123441 594415
 97216 564094
110948 539533
101553 517715
133023 574572
144570 573936
136531 557658
173576 507309
179189 536028
141238 557986
156430 615117
 69169 631490
 31842 565765
144620 575370
155899 561715
137451 555339
 68388 574380
166290 521714
210499 526471
148319 584541
135336 552552
136606 562296
136301 569544
119386 620549
139212 557713
 84501 604671
176602 574552
105945 528795
140989 537156
138449 555969
128669 574591
 95749 602775
139460 557260
130440 562623
147885 527813
 58190 608304
151701 574146
148385 538149
142668 544976
145251 553486
142265 546135
202913 525966
192564 547558
179240 577011
182840 584262
144242 557674
135849 550612
101427 615890
143265 548387
112379 547679
137347 622867
139146 569516
125756 579609
 77109 512651
138073 556272
202547 601240
 19835 570290
118137 579149
201324 574588
113259 568684
139052 610320
177246 571940
107972 601191
138199 541774
220156 589643
137787 566189
138122 557230
 93136 613387
154620 576738
131523 568207
136967 565662
142886 556511
125005 540340
138965 558201
139474 569485
171471 576787
157138 565993
198294 552987
136078 547418
140164 531093
156003 502860
 67867 545392
133780 533275
116142 550919
148510 579793
179224 584189
149906 546909
 29760 557873
115287 602637
206561 574789
108651 521409
115905 560139
127373 549518
141699 530028
141641 557376
111855 531542
136580 553967
137516 556818
179793 483378
105568 584102
125840 520239
117212 565692
140717 554093
139033 593287
172882 571145
104862 608089
158366 537970
138525 534268
 69565 599820
 94571 528963
153185 562792
147599 513563
223226 546198
143879 536650
151099 518008
109317 531425
127202 525948
137740 618961
138734 557713
109912 565003
158060 525533
260096 530550
134449 557556
121650 599844
188992 563992
207218 589497
179830 547383
152331 529689
112184 530469
166904 503121
183026 545377
152658 569277
172116 513383
 95899 530846
144325 538991
166597 572855
105193 596017
166840 562425
117089 561455
141718 549576
117959 536156
125351 529954
140706 547367
138012 558263
135284 555664
142663 556520
112673 516997
137657 611252
119237 591137
186380 487625
113099 546732
176278 550602
158773 588778
140962 518168
144856 551807
155943 576199
152584 564548
165356 570715
127858 609681
257984 555707
149758 564768
129550 560106
159271 568953
151374 538387
129030 588495
155430 549012
172756 612694
 93459 514032
 99569 523174
148080 544056
169322 577938
173847 514665
136418 562926
140047 540043
 74519 527539
146681 562995
110877 562558
 95071 503965
136232 576477
146120 576624
259173 548593
107965 535173
103153 601002
158283 570550
206219 604081
116492 509399
 97430 598804
193275 538687
116860 550810
179834 541387
143226 522375
111174 539350
 94933 588147
139434 557410
131532 536658
 38179 532155
113321 606322
123905 508486
201753 569116
206660 575002
138884 529162
139636 565984
110479 594587
 76253 529394
160280 493497
161475 587507
149054 556986
223408 520131
158596 562634
141991 539522
137172 523482
161154 538355
130157 581286
142000 554964
 86243 559135
130883 557824
127964 538935
122130 568886
210597 589836
139847 552015
147664 559632
167716 562762
130657 555545
165382 518876
221994 575146
 87236 607429
154268 542573
197367 535989
133094 557996
155274 552551
139911 561185
146924 565933
146183 622188
176092 531921
184402 546549
139641 557503
170816 547069
156474 570384
146678 558942
136569 532130
162124 500069
127503 623654
182854 534283
141222 572556
177665 557923
201907 516078
130249 579307
166560 559687
138220 560056
134725 537440
127940 590467
143592 606949
 64979 538104
 94061 576129
 79285 554817
103192 550021
198823 538624
145758 562414
211584 591058
139451 549580
220224 592068
150404 539885
142767 538646
143912 595772
184412 537050
 55359 623076
137197 556522
138461 558771
 80673 566893
203667 577260
 94249 600812
145244 561042
 94458 533883
130201 562734
 98675 580608
134422 544300
141771 551655
141924 558399
137316 562151
143363 551365
197849 575524
134261 519275
129997 568115
170494 560892
164453 544085
128788 546091
 88703 577217
131109 568012
 95074 570002
232047 522748
125548 552424
142563 560090
118391 553625
132497 593125
162713 586568
122296 566921
 56907 586609
 48143 523870
104489 542515
130582 565948
180633 570302
241485 523039
178005 594957
211266 534538
137680 555667
144401 565666
101722 535117
115781 594942
107160 530936
139978 587153
179931 536588
105353 589239
119496 543146
142575 517378
 76661 531044
137699 556769
154964 554923
142516 559062
 98525 579761
163925 576666
153326 558408
262846 559590
102898 592834
138349 554238
193502 557364
202175 495076
154162 536416
 77875 516899
163477 561507
131874 552586
120357 560737
119535 551857
114108 540537
136059 558213
121786 564225
233105 591646
149760 577278
139237 548782
 34795 606311
147663 555514
