360165 553303
869718 536928
659542 840985
322365 530808
343217 153037
877422 134877
399020 404042
425356 745471
400305 466024
153903 353738
681049 846975
184570 360446
614279 599251
138073 556272
310693 154278
490271 216725
683048 937776
844536 424646
321309 569996
856561 128799
327998 571265
660650 615038
105353 589239
371685 151612
749941 916922
623433 400160
423311 813081
353749 391896
157394 346500
170837 353968
843150 156573
188093 324040
328586 551385
630384 376295
169145 355279
833437 556713
712648 607541
318681 528806
892877 544283
807929 730950
574989 407228
850176 127908
473933 191767
160206 303063
340545 568654
804358 320802
594029 586701
800677 310656
122296 566921
613037 419086
228517 837056
885764 151791
604554 393193
416039 730594
614917 600946
798983 325682
146183 622188
199859 316334
616468 394118
195000 354829
687638 439257
204854 810013
797947 319734
588933 366439
335999 549795
 97216 564094
812295 728049
405117 364266
800772 325023
855969 193497
311516 94189
637323 549567
313573 109221
626700 401688
874544 686096
844357 163402
469782 780552
405569 411933
605100 573307
657094 857640
139052 610320
674114 970756
399346 423786
861242 161722
600114 413216
399149 784376
496491 171534
438437 730300
611318 581584
851280 156049
236274 861302
857360 562228
861631 169376
874312 574582
400727 396769
580561 528916
861927 562723
240308 844341
825690 703854
823417 701523
521032 177084
117874 389929
756701 207223
161387 343617
673514 390760
877711 703850
860563 534839
378697 591764
427388 815258
505512 203857
848770 111076
822025 749214
266111 813259
186380 487625
331175 551842
571334 594145
459230 803720
425563 163524
363437 77975
 56907 586609
599215 391457
321216 569834
593166 622725
381863 416651
802254 320673
582777 542670
353335 592567
585175 574133
295357 842293
360319 778673
246182 840370
806567 140259
795205 316433
592924 393730
348263 386451
830450 393096
658590 886551
820253 714625
400598 790903
361159 436327
344770 570309
357813 572855
249857 844975
391966 387214
688712 568754
 31842 565765
872506 157517
397137 742547
605958 573728
332307 189590
794956 309980
612936 398723
849003 115373
432184 395118
180506 330980
402267 410395
333883 276840
452570 848127
838276 395673
168149 345638
236207 886769
144228 344974
872781 154295
865113 161302
114108 540537
239495 163949
148319 584541
331795 529654
854886 769396
408712 803987
422056 382193
139212 557713
362753 369848
418963 746595
849248 164090
713088 880834
840462 402858
639463 847461
818119 348676
828276 762021
617764 397102
860870 546516
417996 408162
559809 162597
656642 407213
460133 173081
356280 185198
213022 338238
124724 459999
832154 559403
705518 925936
418199 851439
808489 317021
240213 118409
807409 325526
786227 765634
621560 397789
870630 516603
656834 885944
398311 383357
672565 564468
437483 785130
307616 207295
210499 526471
870054 738900
848563 117708
811694 188374
590500 418472
532549 172894
537514 179689
591823 639096
400468 405703
540783 626497
505128 175022
191257 802651
808069 134402
867533 542290
182618 346663
621964 409409
563517 391159
392660 395873
656477 573007
726847 875488
 34795 606311
197849 575524
629725 405117
788220 301915
427810 400178
829379 718721
817269 733788
397791 444527
541976 512639
851088 157432
871556 194747
803448 314797
134422 544300
315963 174031
383832 340506
822670 689090
808644 326320
822293 786837
638004 837697
267212 158699
400548 402390
877510 555087
140121 346875
143226 522375
127202 525948
833182 379714
780153 136449
352381 592377
801931 317202
854463 159977
601644 436831
474641 81263
328438 532686
112184 530469
830805 370801
310591 841778
569692 182365
571043 347389
436951 814456
623137 408209
839514 728923
168443 367928
845120 549830
653745 809028
853093 586321
628655 321099
197463 378513
537836 177165
319208 164182
 94458 533883
828001 524067
590583 623314
652745 406585
501416 172980
685124 873363
169069 348929
854979 539793
620955 389692
459328 805961
844400 150812
821464 700760
171318 373473
270233 195701
680592 858526
341016 545280
694451 863981
302359 534317
573324 878802
437035 755506
825596 639465
560362 567914
311819 140674
333143 200298
210597 589836
677404 883871
498389 178069
200005 825237
189102 333074
669118 354195
449571 387141
281732 221764
403329 717870
369480 377148
688076 833905
880545 506175
815593 689874
248276 844455
682699 851115
152658 569277
858934 162874
513181 177419
495995 160032
159191 309314
862759 157988
210162 860529
335201 585318
312726 853829
443447 783977
797233 713358
810460 735109
674905 876286
354094 424230
920249 551171
245118 811283
659081 860560
834171 189042
562777 437516
509651 149290
585207 336451
623248 399928
639431 588155
507674 147431
383821 808301
327734 163585
274070 798617
635690 608046
837017 154170
607604 573951
619318 361696
617493 379303
803627 319323
183478 851724
141771 551655
680228 843225
258779 106777
508597 173640
165657 338722
533351 147778
582389 428200
493897 189627
201907 516078
415270 775605
854012 157449
603789 574474
846484 719360
875311 542259
574369 207483
789601 714058
322209 547247
690018 819280
316820 150304
565829 395454
619427 396945
118137 579149
328657 564864
331798 143962
611508 503220
836225 709204
605250 573272
403160 392159
125351 529954
653258 860766
362027 150348
897131 604582
321924 527106
412767 593558
545365 210090
283570 563726
846256 154064
629789 426313
850533 160136
488330 173837
235901 856563
850057 157848
453154 776082
390282 789593
197367 535989
373339 398565
370252 347498
473799 795167
873380 495161
 77875 516899
601444 572693
113259 568684
110479 594587
850538 160159
172879 347028
657455 567754
865081 551012
343851 193618
593601 445149
414374 439977
170155 343568
791199 164843
241166 845204
141222 572556
403365 215735
118590 857150
338347 337961
859577 544625
857126 548151
345840 561591
402109 430185
865157 562132
604168 555003
820327 352701
680677 868629
700098 894685
840349 790707
802738 312234
343376 575709
425019 759577
694308 904062
118391 553625
811277 335577
358562 112650
549642 157506
393758 750953
625579 551084
672068 874862
631446 561156
159711 352701
825541 151495
656957 871011
853692 746285
139237 548782
325958 573367
306298 551902
807278 566392
671404 857240
511868 170991
178495 373915
816955 747629
820757 738235
598184 531473
541435 206637
797313 317527
861966 562885
838146 159541
378563 789670
139460 557260
621726 578003
893145 551400
627580 840406
675382 836312
860106 157080
789448 738035
332853 168141
378274 816341
343119 382074
330881 579058
546565 151576
175781 341039
179224 584189
709254 847444
895245 150977
426040 825049
801145 317601
 87236 607429
149269 341445
551740 588768
618893 419740
271123 163465
177728 352687
786635 269352
329859 564384
102460 533057
802394 87835
865084 713697
648590 917839
415933 422485
404220 785798
397158 370362
850945 161669
134134 842630
540196 180312
 98525 579761
457338 789952
394022 803914
889975 589361
632060 367800
339115 566863
294053 878220
880275 564545
801609 320399
821259 750089
609030 552436
838036 749612
454160 102568
868979 528502
469404 181944
153181 277968
799291 317500
814317 333112
320821 165455
567188 560044
591725 406549
241485 523039
416359 786189
899052 526048
800865 312968
396710 378698
346942 152780
814401 341234
413556 758080
331987 568997
786234 267976
147911 328024
290700 196285
184798 392233
293201 192871
547076 156969
800123 312312
248427 146381
144401 565666
514622 206979
682053 853410
177246 571940
386377 574187
599647 858702
721401 951880
878258 158631
693783 860206
172116 513383
722463 882675
682420 846881
864494 136669
537174 194410
116860 550810
892340 149050
142516 559062
624369 532153
155690 368375
318215 180010
651740 589474
800804 316615
659166 861665
139978 587153
368200 364844
291723 177824
308726 371721
817119 336333
825515 738284
509223 177592
334980 143900
834293 161575
803370 318247
674311 859933
815131 704478
415222 434798
135284 555664
245707 844466
392185 713763
828147 808738
858834 149259
204922 854068
861868 549168
789583 287700
824835 704997
146821 297434
789356 159383
652233 886054
318665 158107
402309 786873
446537 828924
496130 178113
396150 430329
800258 733812
796353 710294
326959 154655
844086 531300
268518 181514
292492 99170
803216 577565
402081 407514
848135 130674
245144 845719
409823 412908
402891 801910
186806 334070
418618 811618
855983 534803
779897 279572
215243 289985
874110 541972
808440 729985
389392 730768
509522 174376
130157 581286
315333 144566
276635 875623
593865 572987
849343 713993
784291 581417
400079 749617
615826 863168
680381 823757
101722 535117
851568 114049
243511 830743
338588 543875
671609 815681
345976 148333
508144 167733
804119 328544
306540 193434
730287 897070
213951 352868
809054 345541
564416 878492
 95071 503965
655201 411873
617447 366176
394912 755947
560393 389490
415806 783594
220884 916718
871981 649086
658735 399039
369199 734895
336266 148507
140717 554093
622557 361134
338633 563504
767482 727417
816775 739989
393570 579641
397889 398501
232357 810798
404420 577532
417447 782955
675551 956849
401854 402867
523036 123677
377408 395123
703773 870419
615934 426539
853874 560250
253890 807676
396548 784388
178869 370161
617755 401065
111174 539350
391530 398743
409291 431539
264627 808661
133795 360518
412541 806622
162040 316797
312386 555195
132705 557674
430167 811490
160922 347681
379128 418858
401478 785370
672876 844123
130582 565948
629891 414975
493070 189771
827081 694553
161345 350804
601900 569391
163981 344090
863102 545783
600582 599535
457033 127590
652349 321291
819438 662327
586242 396484
809453 736879
287127 192494
842786 614034
818668 120458
267799 847911
304086 576100
850959 157920
367751 578289
608195 447380
640432 837036
181227 347052
671976 864630
236431 844100
129332 360811
887269 166179
515494 188459
331667 570387
615342 413931
410336 767856
368724 598412
321556 163352
320210 191459
827802 189078
494574 198972
327695 543105
478361 409520
328425 159826
341446 538787
848783 748980
683656 842406
814732 734183
870247 121460
810253 323873
161154 538355
446368 763341
601599 388540
509039 173839
641902 755287
790774 303642
256889 880721
292931 125341
334182 558498
136418 562926
219779 330969
510901 175806
132497 593125
658884 390135
397806 749559
136078 547418
382693 749680
862425 741010
871544 144135
768565 762193
822474 780882
593317 534085
151099 518008
142767 538646
145758 562414
811391 343836
141113 351050
227363 836593
497211 174121
834632 541216
591831 438997
373191 88470
407189 437102
513991 165072
433100 134861
358793 547046
840299 118907
605899 412428
563460 480559
155228 357729
882306 173836
185561 342784
221706 875060
599766 409755
619239 400025
125715 302114
332270 556288
862679 188399
854996 81095
392140 769924
170384 339979
611875 422910
604001 573587
306326 164202
622101 371771
376493 366302
800872 672603
600996 890782
332284 194186
597026 642918
796943 674692
828038 149181
863859 546898
381340 409680
129030 588495
658281 582264
828179 155649
396903 591235
222356 840843
437568 794323
827031 734324
246468 838071
672387 800443
834602 213597
426625 475977
868626 737331
815298 167390
325883 560492
639502 371440
204597 863162
152331 529689
268672 508874
247997 878582
170494 560892
639507 438534
596179 529556
687360 862438
182239 333302
149760 577278
781260 737962
546640 560043
198908 372797
783110 289805
592804 584539
299578 572052
843911 730036
604090 574392
509554 186931
147664 559632
153607 379395
398498 776720
800966 317165
805977 320805
405322 414743
868442 160118
332116 594868
322936 368566
879104 595389
408428 771823
389868 410718
333787 189423
221233 538472
902529 162041
849938 156042
201753 569116
148749 359845
626224 569687
644693 867371
303637 570253
598657 442558
411957 397796
267478 894783
103153 601002
894268 532597
297731 175876
135336 552552
797569 321799
520878 209094
125902 318850
559078 570088
351815 574947
342901 582886
669288 860515
691827 863963
187894 871219
799903 784535
801093 317509
415495 116126
301983 173386
816145 349032
236749 813868
308489 145929
883929 121705
235337 831592
685785 409913
817395 734126
144570 573936
871873 509094
714443 433876
257480 849037
508907 173787
620818 396967
820455 729132
185966 359964
836433 200181
838223 766380
165158 343946
230591 874855
 29760 557873
696601 603624
804691 332987
367806 123963
250198 825417
639394 576728
174057 358906
806192 337849
209922 850026
328331 541094
 48143 523870
641840 886745
512051 145220
257472 849587
664355 831472
325767 164095
842824 177832
297110 556485
825605 167750
506069 169723
804190 320706
230399 842538
217686 296514
365058 545456
877964 242679
490037 164357
397747 792207
540364 163758
665660 828338
161273 347538
123441 594415
385338 440797
154268 542573
346079 220993
137098 384889
313649 523765
603145 574795
419721 789724
162713 586568
473093 188791
618053 357534
429653 438596
720629 816515
628264 616214
841752 731595
851282 153750
456025 389630
669178 866011
624599 417673
162606 363185
565148 557305
769876 257669
860986 140320
878749 188759
633304 366062
357275 551101
672266 862875
218942 848326
332470 161202
806320 315242
659191 459637
481083 151953
370775 144355
601376 579831
774526 757135
629004 392271
182854 534283
545235 539822
836450 151205
247613 815836
264798 767716
139903 592241
589344 563119
508789 174256
411090 435389
390934 170420
854769 713941
801080 318049
589994 610890
832798 734777
170002 370000
533799 564377
373943 376926
801456 320080
404288 349685
895565 501871
393903 387227
357253 388075
673292 857105
716590 874975
361370 552483
169966 368623
336829 562228
175586 365049
602667 575857
439145 407748
822224 742716
853562 531620
413894 564459
136301 569544
315965 587160
387631 749416
816840 539239
844088 150085
618157 384990
600665 638890
807017 330432
320400 160020
172885 352621
424228 442208
617444 397675
900955 185733
696144 548705
238080 830689
 38179 532155
861381 546835
801386 313545
577242 574073
800816 176612
650120 324477
332562 174699
601212 370698
561110 219865
178005 594957
700340 335010
225846 874086
798321 319665
186380 363938
113321 606322
723173 872525
239387 847822
854818 554389
344314 595915
250394 847577
520880 200955
854628 773470
318738 182134
415895 775793
477155 161019
508228 220433
595215 391491
775604 274485
603566 410391
377870 377550
253339 750941
473649 178184
924289 171369
846216 528037
369418 733394
310824 144943
198197 344933
672059 860501
256316 818886
169569 346955
811502 355939
512900 219252
 64979 538104
305915 854818
344552 554676
470062 771204
291170 110147
231263 863308
280274 182662
819670 183364
127940 590467
598628 425191
142575 517378
790738 308028
603855 575180
 97430 598804
883231 232031
633894 404424
169880 343122
345674 579033
406739 400918
228095 843338
245783 109229
627912 593892
260922 785987
629000 417990
477901 173288
314666 849163
502511 205121
849653 143827
842719 506205
598053 438963
419151 577335
617310 551945
916704 609548
528938 174372
228711 848090
316257 171544
404445 402466
474368 812039
401313 405195
606486 420054
849537 157510
336928 557412
858418 546935
489182 773934
240846 841609
683413 861559
488205 420586
533566 214619
389552 750700
699124 824089
158664 310765
407429 399155
684091 842566
105193 596017
861069 548327
366794 582584
667639 571164
210102 333312
873527 126426
473316 162622
502355 164119
143879 536650
597017 575588
651216 815098
792990 685472
793019 764859
456799 844976
794667 315069
515612 540643
878690 739021
805462 317833
657981 866945
905770 531812
138220 560056
812152 689907
595014 632844
409701 750741
158060 525533
465599 383470
336023 416862
812240 177846
850888 736810
754841 796342
801997 319385
835428 731189
589244 573777
908069 146564
161448 373412
198712 303299
359772 568428
125840 520239
336974 563207
125005 540340
817410 346944
864088 171351
144325 538991
876863 176593
475944 189337
816056 542574
402660 406054
644843 838626
654937 781879
866878 501919
293746 544468
813561 583156
536623 213083
255185 825960
264427 188193
838142 156770
656156 868643
873742 448214
196795 190277
168274 374689
174834 411644
251866 864044
609286 586782
272394 837600
616044 533807
797105 316002
299460 144708
394159 411676
672668 861428
494000 189403
848586 789052
662898 884734
230049 865536
108512 525986
238084 844799
822425 727248
339393 209145
612184 570393
563315 215613
875640 561262
793684 312065
370259 585265
673953 835926
847728 576707
576488 397913
140989 537156
409142 811927
888892 702505
798904 324420
187854 354777
173576 507309
483423 111797
274495 182470
283576 809069
779437 281959
855656 162100
183970 355973
608601 418450
491382 122267
312337 154488
830658 368694
104862 608089
127858 609681
857309 139276
632125 541413
700341 869730
872057 122354
796609 319691
682241 850176
821361 175823
828297 715480
619637 395224
718544 888401
800667 315995
166323 352927
634661 446187
108232 373112
805089 96540
601182 582584
534461 178056
189499 356601
416433 786159
 81648 360080
179189 536028
794991 291216
368864 411216
334812 137431
589862 418742
814697 729209
220224 592068
807293 347456
505384 174535
415233 441297
 94933 588147
426115 814461
491792 214464
855045 547633
606289 670243
874239 594786
252586 806474
904133 534915
380202 396671
807072 687932
447192 359893
830888 544022
137172 523482
798633 317300
614943 540976
824013 753991
803457 735855
136967 565662
176433 350561
396617 801039
172690 847721
483776 213021
324952 565867
433463 410297
 67867 545392
268938 211870
329428 66056
343247 564376
509956 141698
635242 356290
292194 906490
168067 340249
430686 844506
925732 210388
394018 799506
154620 576738
444816 409502
446538 180119
799326 106384
801326 315779
385140 796221
502877 192740
509804 175714
862925 243856
527515 831478
141718 549576
182499 310438
589164 386733
675988 841317
352220 602793
367398 701756
320628 564596
288954 846991
705929 851313
561574 621747
880833 537039
520809 176718
414951 852935
442260 754050
814280 344223
803031 325811
650859 460072
353583 554147
159472 372246
320972 170417
190241 329582
292402 184441
807420 168787
139474 569485
676220 858214
558478 213316
397688 762902
424365 371987
810277 520837
846622 553552
411053 432808
136580 553967
674265 861435
292193 125417
418155 819422
156945 339397
499643 171625
689628 868984
858703 157931
388743 388465
421187 779726
167716 562762
879221 655497
157193 350343
526559 509417
606111 617846
457561 788245
673332 857517
659321 404555
472691 802678
417617 414816
424782 449687
838808 524944
374695 563163
340693 569371
387103 401925
837582 763266
649345 864613
115363 305575
186361 351075
820675 168154
317331 556086
836647 167267
346144 560472
842616 515205
683580 872374
343450 570659
858151 548242
409417 758123
335027 565050
193275 538687
604703 392288
455460 153040
819541 117296
358652 186358
609091 437020
804706 788001
241138 844374
826585 366934
160222 380591
614877 402442
585195 555011
141924 558399
808779 732990
803377 319212
407040 577739
895835 123485
345903 561314
179483 359645
163956 833732
673449 860643
805080 323708
 84501 604671
140101 341028
646671 857872
171614 435530
788020 765562
122360 357480
158750 312102
109912 565003
607911 576556
519113 194925
321312 574721
420083 787815
159253 343477
168079 347343
800694 316789
190634 357254
222704 824909
881789 727577
625784 441883
442826 795974
391555 789079
489062 200329
865489 548920
670119 859029
313783 177198
437870 375761
600679 599545
325118 556212
417016 774869
474652 193224
384467 407359
795489 287279
410019 732704
821835 564313
371779 814715
514219 167014
671919 571761
866044 584750
832372 600070
765283 249459
619415 397644
136569 532130
425260 773661
672474 868765
643965 366316
668234 886696
813173 354777
563763 559454
869960 562146
596796 529933
850607 565348
778965 282290
541006 175198
557378 567033
434440 822866
341137 78287
846772 509036
500192 192292
626811 372435
336585 420977
803962 731228
347197 591316
801526 705057
844729 682981
491442 116195
325125 564342
399634 751940
309684 150076
801441 323812
430138 818594
616329 529516
180493 319750
562356 383175
846693 429031
800231 732106
259173 548593
813436 360446
370839 727884
506012 178372
793669 724513
631182 565466
351459 565704
877125 161227
335476 183897
367922 415238
289719 866638
242087 844255
425796 795608
881571 532467
241545 838673
415631 805010
325871 558965
400550 144359
669427 846395
669713 851017
801323 316240
200251 306215
859515 505303
377758 413906
247484 846372
613840 534167
398478 822297
835831 555864
137699 556769
862189 735684
382720 263255
507445 193647
681941 370225
306357 123397
271205 817620
305901 166656
500360 213540
293864 241877
908506 549611
889805 522039
125675 360158
802012 318315
605913 579526
872237 555834
364844 571623
508099 175066
219498 851932
514173 139330
822843 763117
661357 801817
495165 163113
801174 320442
839121 736259
859177 143273
401492 790336
375353 117180
419700 793447
847644 164348
480128 785580
221994 575146
516084 178725
808555 600511
868736 179354
634383 422065
825141 535997
605891 428146
352209 548608
393758 439738
765502 240340
409244 460295
269483 848608
860520 544023
798612 326404
486870 146947
602365 916673
261633 773355
326043 553772
422261 374345
398153 407081
915666 506439
185071 362905
335742 196692
508080 175697
237120 856814
906382 534459
476144 772131
846090 651306
202011 337353
152861 407965
388806 569524
219864 842635
325275 866433
677896 867053
910435 171155
424241 452915
242443 851797
402851 395579
182093 321311
377975 461076
 77109 512651
841762 777572
334350 556417
279010 181792
533931 173291
165476 377389
851517 541076
823987 687499
697959 614701
401923 417123
895623 178393
801301 316893
831024 505776
804251 331304
616040 330855
177665 557923
378347 144880
823108 733302
456821 105575
882007 593653
619445 567491
630067 372798
681053 892766
877440 529137
325057 581121
829482 475863
868025 569296
347406 155708
845589 192916
227819 900986
470314 178936
496476 140337
412109 735920
618349 397614
617954 395504
319155 159850
481356 162127
862569 719773
337894 175289
812869 346251
461751 817277
679747 860939
855603 542414
339632 536577
176278 550602
241633 846949
898976 198452
232043 177614
857972 160214
832054 751330
635324 420555
137197 556522
603945 361794
307747 128551
821908 732077
140876 334435
340712 563178
121650 599844
411471 446824
294310 563522
854922 159650
765011 607246
880958 588608
304399 545221
795909 462864
704574 866263
279923 805957
496384 166644
131874 552586
849118 571562
140047 540043
824185 167369
422419 754048
846936 161313
144306 328086
807696 320548
407565 766203
361875 448199
667620 855461
414290 393146
621778 364695
376660 815936
849681 125345
473361 185066
119496 543146
628131 406850
571692 449353
825716 373098
871723 685520
346717 178180
241413 845029
511484 160453
403890 792420
324093 580491
517495 186329
371464 328177
330767 552963
801903 312794
289087 565427
850219 110573
138525 534268
260590 827955
245602 857160
141991 539522
594720 848457
410601 410653
138449 555969
223732 826580
514408 173338
 69565 599820
221002 870506
283017 850861
395013 387179
702654 841548
383044 180418
861656 545794
300366 565761
203254 362605
149863 284721
237689 839510
243331 844022
171074 293610
873636 510687
166904 503121
262846 559590
803932 318781
614615 574437
663095 949045
841967 150890
375233 399429
470922 770669
616281 845406
846082 541026
138461 558771
790206 747165
594084 629464
357923 192120
298800 824277
653181 886417
150009 371014
803386 318982
417393 771537
182751 435819
264274 813041
253703 834676
246857 852483
192775 350028
621629 397208
673646 857346
603021 577991
522869 176818
233931 838374
639418 537903
846752 613846
837032 509264
267264 153034
495388 156422
850775 162968
130683 363204
593490 623110
386415 801444
162124 500069
819256 201704
241687 844256
333378 557892
408714 391412
397764 406712
801634 318965
799667 316830
679211 886670
321262 178491
620213 574468
347039 195468
373907 558472
620939 385731
502737 174437
884750 154317
611044 571814
372621 772258
163796 345091
409628 833942
171461 348130
452457 597461
439048 403700
460684 371809
600117 539079
124132 340448
139299 314046
122986 334382
383855 390984
345069 165968
163091 350167
158871 312380
411488 837715
505079 219082
133094 557996
860375 544804
674151 853540
905936 150106
401616 404245
433989 765343
684558 878573
710082 881600
659280 845579
469656 153741
123905 508486
848413 183717
800394 301473
857620 709386
501334 163002
841289 701474
817776 525600
293591 522132
864325 170593
515348 184750
520782 134308
673410 863889
818079 108536
451853 420873
826228 376658
818338 800932
607665 447516
356500 188114
638966 486628
338935 567577
858867 700187
799912 323363
677459 896720
323905 168029
862002 534006
403751 385539
406176 760860
107124 325984
102898 592834
604546 847329
326152 563230
236740 853169
898578 612291
286568 547471
474527 107596
222019 839774
400473 408327
505225 158750
265299 859533
614683 367259
637594 420311
865489 161762
597428 569940
814249 488483
163766 859386
417795 405673
839339 726322
604973 574773
331381 162660
438860 114065
608747 363132
365567 547606
432892 815223
409515 756149
 19835 570290
813781 738344
354132 161850
145282 391482
684739 884934
180519 368284
424375 721868
839445 149778
404157 406324
138199 541774
840059 534876
640000 863831
675633 863416
243941 843256
257788 880587
605876 550640
497406 125809
499009 205823
430747 776261
124516 325289
265815 540385
216061 848623
306042 66361
877298 565604
169293 348686
628696 542447
136059 558213
341966 561987
417673 785965
220620 819091
446307 796523
793560 285392
514981 172608
658403 611332
144502 345417
579922 379009
138122 557230
366688 562413
397213 377839
651828 468138
340970 564831
394274 837428
823959 737866
136606 562296
436648 859634
411526 784658
320718 158610
516963 174184
629533 537542
843111 581603
271093 861412
232047 522748
838587 700545
883434 581923
822883 728314
117959 536156
137787 566189
795527 315510
810467 706465
669638 842011
855074 542557
303269 531608
846575 159002
683941 915579
406337 750353
352874 807952
369490 164369
508797 176269
312558 520650
821337 733356
233105 591646
509285 174620
704570 845515
865020 550686
122130 568886
615649 429323
569197 559307
794826 309589
391776 409868
832651 373469
388479 343648
202547 601240
820238 732928
419485 804779
332586 566187
797009 293194
599612 859210
321245 141627
592714 553958
231781 799444
270404 183080
840425 762290
679465 399014
511118 175212
238524 842928
876408 183646
801662 318423
256120 141529
334785 565575
395817 788858
322789 137560
813868 188928
885379 603686
507741 178883
353941 399967
819580 545900
104489 542515
159302 337993
859703 156782
713579 879202
603388 403039
501111 157402
850965 156224
102983 382712
289423 559134
404359 783919
401407 759648
128953 304971
667280 765619
225991 869734
238748 551038
276600 823311
148510 579793
805372 313397
523329 404632
919544 541255
110948 539533
568570 579335
415993 776671
889142 154467
278929 842054
400008 789447
854753 190254
588952 437524
788166 702817
624310 398408
131523 568207
826789 377676
137347 622867
359831 554975
605407 427914
674365 860819
352910 145624
394606 401451
300294 178772
504728 174541
403852 792473
202053 322650
295375 861990
359796 165920
363857 784086
 94382 320888
699668 863774
357466 354094
611357 393577
380749 403860
336085 170252
799001 302014
606144 575076
541498 192746
738190 371970
823856 749355
620685 880813
389410 788256
822078 711840
684131 898331
832621 150748
402710 424367
808717 335740
360703 150999
338205 566246
140164 531093
600032 575310
500474 169746
822156 732296
467535 416014
678856 850293
802111 320817
330335 568221
818622 370753
816852 352965
850453 155432
269126 508814
372230 412488
380609 185976
809259 345634
345164 579614
803202 549001
323329 93955
846741 539481
442931 430123
624328 392133
128669 574591
375573 809249
831446 182864
176982 354631
114311 601605
879805 547494
507832 181513
424811 413300
133580 348602
424720 768456
405714 781619
179240 577011
276794 384458
802431 322048
846011 160034
499272 168413
249616 144446
878859 540155
110877 562558
631297 578351
680506 840053
511106 122518
338044 233264
289002 520678
415394 396940
143592 606949
471930 844046
937823 540173
369044 371649
169121 347594
240645 855514
259973 862559
820194 734233
352429 359750
856619 544008
154167 353183
582015 546191
430243 781020
665965 449273
130201 562734
861023 545953
338863 563107
795571 310093
795124 696429
762269 792243
305292 175260
338717 181582
608182 416637
513562 229098
203667 577260
383197 409869
361227 221878
820367 732364
667472 570571
142455 343512
244618 845420
597173 575538
408182 408351
408689 562521
824212 363776
825080 746712
804474 747122
858587 150101
353145 580916
843905 219401
791722 162000
160835 347784
672598 856928
166584 349245
617296 386864
523796 219588
796375 309563
506288 177990
823618 734216
567105 437623
857648 511640
606587 573873
663945 828490
636769 854047
665775 845662
692386 863386
607269 536961
669697 859388
869288 168662
338474 564151
473514 788780
853554 158012
504243 237336
664260 859029
456566 743012
867125 168762
519421 154681
877413 541536
618009 867493
822722 553764
668519 860048
837019 215527
343651 438750
645233 927201
535787 199735
773292 531652
689948 850548
851216 516166
322101 164171
874791 559085
504511 149234
591484 571087
171848 343242
380458 329635
121786 564225
208941 860169
322140 165212
377941 403683
625416 868848
314791 163370
544056 577786
335121 214149
372424 413163
415672 787824
827711 732798
833716 758772
320827 519618
178319 318244
163190 331719
396520 405610
509173 178051
507895 177445
198415 321418
350964 149159
233480 289069
629247 364078
855852 134834
149906 546909
695092 820091
675858 410545
925485 596955
425950 788228
519962 175210
675357 870850
288675 919879
384922 582877
117089 561455
731712 878998
668839 882598
394846 407130
858058 196183
348893 195430
340383 600071
128788 546091
846720 162060
835790 127898
858537 548576
824098 714042
439514 758221
377215 418429
318707 160697
876782 536438
225356 318394
324518 167369
839757 190518
338474 563350
312421 170617
653325 396810
509773 148899
801172 715857
385091 599401
292932 558293
317675 838127
391384 413273
216975 296647
337811 558454
673267 883727
641031 593074
383032 788008
667131 849230
284031 566654
500801 185558
141641 557376
878696 530134
486422 178919
254411 848090
155508 372355
822623 745025
181803 799487
516085 195504
407814 765816
677983 890077
545240 221008
601619 825604
626371 349696
668482 358452
680828 839011
161780 324523
658034 897179
331440 551885
185661 404482
377230 790154
707100 601463
425991 787029
606324 544357
850911 157772
851462 526597
860259 545444
388873 746909
382396 405483
295537 91032
487472 166999
758172 608152
591051 389443
163477 561507
825414 734466
606809 572101
832589 782799
294832 124284
373894 555347
634967 579020
865754 723314
302583 571881
344239 530765
349955 535578
162975 335389
812942 85345
137451 555339
546031 570429
659734 844127
414860 773921
602335 433298
514551 176526
186082 330058
801204 755177
642881 403147
399942 385908
210497 359835
412028 773494
470041 102049
505293 194591
234219 845270
790149 565157
241381 844402
377858 811790
884326 479802
415598 786499
791983 298565
371498 393120
508535 830710
139847 552015
228928 855040
620330 398630
663049 843538
318192 170844
801493 322249
545957 196749
402252 414628
856991 546255
828478 655405
402227 414685
386373 606623
379388 567285
149054 556986
838764 652792
589658 640498
673071 856021
444336 820061
245023 849247
636807 424537
657184 855509
860384 555572
324966 170021
247939 831010
107965 535173
579712 568354
290210 818593
796786 724615
366146 196571
659193 384523
113068 317574
264565 859237
302266 185591
859707 202806
900360 153622
185696 338006
800316 311699
621278 888326
832010 554080
144856 551807
845303 150476
524397 239456
862642 159379
391970 419802
812634 554848
327022 161396
444610 400247
856202 158811
143363 551365
296763 528676
871780 158486
445674 768552
704065 832648
179463 361279
228032 893055
183236 338163
321657 538660
399460 399410
294275 174786
685551 798742
331366 567311
587478 424878
424476 781552
657879 857942
412111 418466
136531 557658
344380 183817
291782 159562
585255 415823
800272 316170
847423 161535
134725 537440
339993 544064
486034 196122
224083 852922
109317 531425
608529 586311
319829 168353
355499 224982
112673 516997
687078 791051
619475 400592
800444 311497
822616 735941
846324 557586
813791 334609
371000 555062
212009 864463
648230 857418
170022 347877
127373 549518
849404 170474
330127 570072
308748 199866
589180 595099
603698 573585
905849 524809
419200 403389
367048 553451
779956 271501
683027 876064
580048 565009
851644 721350
418086 394699
830445 186055
337002 589527
360143 155270
802814 320130
777978 252419
839280 539324
164875 349007
148080 544056
268289 878265
603126 497987
392162 355397
894124 202052
830159 134329
358312 559466
405356 391545
152054 345632
140128 325904
156977 424622
613191 571942
585048 505097
368617 554066
486997 164803
523779 163905
800390 309948
324440 567074
621537 390372
274554 845338
133744 308918
814379 132655
563182 367521
242247 864253
174371 864697
210276 824826
407023 787385
314552 151035
408745 824896
961951 577029
494317 170837
185253 344152
410506 395586
151164 332239
651506 856097
874877 535143
500225 177559
171986 429306
615094 383077
553118 165472
554938 347875
808452 320117
802089 313456
870139 566584
886532 500026
801588 319814
900829 590250
678869 902492
502002 166223
803405 317316
405350 762342
583653 652182
572417 403906
830583 710990
491614 778997
232331 872896
335029 553213
558817 576255
522728 184704
855593 161003
225786 529417
802237 318526
334983 572690
179793 483378
646816 829778
757470 224976
196462 887983
423146 737571
631316 837043
214966 358837
892423 530999
408147 436628
174656 393278
800152 576217
213208 833959
835804 710711
816054 733183
865170 173755
139434 557410
477746 163845
673140 864863
512733 174091
679054 898217
571669 873544
383052 89061
310041 533285
605650 447537
786245 292352
143265 548387
664325 877878
824322 744720
569422 567790
245468 859425
861364 598127
666315 872311
401411 414503
604678 574577
286663 846902
645464 660478
823202 619103
858325 586062
862334 747768
169228 364545
169337 348605
912649 498734
672212 860894
797787 301470
851919 127963
618449 404599
460942 779073
778867 140736
846371 578530
404792 749210
881109 152198
623989 368662
482628 171320
293978 197091
129664 341196
334549 579199
334529 166765
844948 563321
642843 909185
804630 332333
810543 341180
306346 523584
344364 213940
677769 841641
435085 791564
247855 794626
805035 317469
801910 325434
440782 782395
857846 153281
514391 156592
883567 161769
597802 576113
224681 858432
617319 374666
629978 400626
860154 113364
175169 349454
158773 588778
663820 416308
142563 560090
826192 172906
346358 384801
818063 797960
450030 169537
331340 524203
417231 381303
409167 449719
673750 594081
558770 390646
158550 354818
793855 298525
793892 313943
426172 363147
859419 546754
637332 414017
600039 557139
348171 569251
730383 879136
321645 164662
397918 462032
673196 812941
474648 778810
801313 300606
803057 331037
342099 561508
824140 729074
706906 885612
430779 770145
634973 450542
648429 422590
478442 125560
329905 579935
701017 931252
875160 698897
225916 843329
169502 411323
588597 622592
316642 553340
533551 582247
838442 506780
610505 851476
251032 876118
684602 823981
329002 727685
863995 150435
177579 319865
190725 336160
379593 380662
284378 223470
176602 574552
826465 646980
192564 547558
424145 743433
169322 577938
693265 388552
396583 82842
384572 388523
611579 407670
103192 550021
 98675 580608
437958 784801
520952 169184
895127 152283
112379 547679
697011 856357
662684 813662
695010 449565
796953 726378
281971 825246
240028 849354
627452 835854
236495 861569
621622 390298
387461 394402
156003 502860
 76052 360840
219049 825171
416775 806826
512716 181316
541790 172616
513362 223841
186914 361706
198251 335402
805658 698630
347079 803582
347575 565576
143732 279724
278326 829095
848976 558706
829398 724900
801511 761094
317771 154916
543616 144788
398795 472619
818739 545052
245254 907991
811748 766105
861033 507671
365223 422531
473202 140745
333901 532836
849599 157084
296627 93375
914183 620056
645563 819480
395168 404189
861193 573954
860151 543055
414014 816460
828194 742074
415534 110526
141993 331189
340996 170964
606011 569426
834173 386159
632546 389750
373917 427628
597077 568196
594112 399331
862571 550965
484395 107291
312123 419763
887896 558572
452791 156805
902302 514170
311408 168232
481841 209337
505044 180646
603849 572396
850925 157811
258528 856273
583728 563146
866851 129505
425611 793420
207552 772091
164915 350360
396276 785999
262370 891499
805237 318655
276741 143844
798059 316113
619924 406713
494698 176711
801551 320544
245928 867228
839094 159543
830620 117906
883981 607581
277512 151920
363932 228249
344482 215846
606415 581386
417494 392231
846841 533595
860507 526669
186536 330019
873791 606643
801183 316191
168573 350387
871544 592403
282622 879222
532010 176195
383075 447616
717187 883275
597421 554767
234091 876039
664159 550946
241005 825301
872241 556733
337173 557853
788776 582930
864059 545894
808686 332209
142668 544976
338634 564414
519201 139101
189029 366740
330533 214555
215976 836025
429220 787348
615325 383841
803603 327255
496069 102201
119386 620549
345123 577788
140962 518168
141238 557986
688118 911574
 79285 554817
277860 111893
185919 363092
862785 579661
509383 167302
307605 840195
595411 413706
786528 104976
623498 399288
870936 575427
695260 824882
232784 169847
668502 563937
485361 169229
227582 856861
338860 561151
171471 576787
878170 123364
393828 404314
211266 534538
800037 317963
607905 403460
872247 494281
857283 548467
824822 367091
111476 358647
850478 566230
817777 724927
250359 849451
145244 561042
601885 573083
849858 524682
195151 317753
794142 306704
868128 568529
599123 616977
668567 856554
609796 532982
448519 805219
258135 880184
167653 352074
619628 399433
540029 563888
113099 546732
384225 784381
609344 448128
422943 804253
506812 167031
230107 858332
868317 177001
334354 578047
817619 181929
821151 366545
567861 856582
142663 556520
587453 401098
399753 404222
333669 542228
382124 786262
133023 574572
165573 305517
198517 325721
838978 622330
482568 159010
814540 707227
361138 551307
657985 453405
605310 394011
775555 719683
155430 549012
351883 890475
848570 703697
393402 401018
801782 318281
436034 385951
679788 889464
165382 518876
473485 847098
136232 576477
224694 848663
391163 811977
 99569 523174
517750 199025
866973 550375
595063 328609
789552 731946
139636 565984
842903 567914
649987 408293
326251 549298
601967 604428
667249 417107
803577 712231
292636 520371
129550 560106
399291 386712
550216 184337
 69169 631490
304556 568584
484348 202813
800479 321640
345703 149860
427850 762201
819250 517655
341721 576427
615665 405490
333299 597586
519680 208378
386436 791388
841654 764836
620975 564344
880362 706363
800447 331643
906640 587296
610199 394579
824560 133679
445043 152257
830065 739162
157138 565993
673242 886958
546632 599204
730887 825972
617178 414525
710910 464586
448336 789445
598908 254032
559877 401053
 95074 570002
636628 533309
425053 790566
342066 119083
310944 559497
294653 104623
327403 548875
223408 520131
224288 931476
435926 408504
342501 336320
801055 321833
665426 853940
238328 770068
607084 595500
172662 388185
194956 372256
 95749 602775
551798 221411
368363 409733
133780 533275
619339 401624
411796 581307
801586 318947
813239 139752
388202 405780
601187 531825
431117 394746
448651 847994
129997 568115
396081 396707
357467 797530
156430 615117
352424 557574
261796 819395
897286 558004
507959 166780
841928 398948
561388 355834
697161 840318
 95899 530846
119535 551857
542311 161882
338950 572545
624106 398619
158713 379013
429586 775621
887556 531797
102221 374657
861027 546004
335918 566525
332032 157725
308044 164482
415881 584352
533775 163036
864721 548447
158283 570550
671444 860206
155274 552551
401396 125431
674492 861230
369227 397853
854374 550707
150404 539885
823840 368410
853291 557685
875825 204959
786032 701427
608923 385575
332960 569308
499676 196897
875990 133950
205919 844377
138884 529162
266977 887963
137316 562151
115781 594942
338583 563529
533212 366954
796283 315582
343018 239960
324055 590810
869167 105039
811389 723618
281979 518199
696257 894819
784164 285702
192885 887667
137967 354539
417146 822655
412797 803180
789833 304422
253899 862843
347966 563506
677551 860007
107160 530936
343145 172236
520845 176291
624415 515911
311065 219934
795254 296488
166799 318482
182840 584262
467144 147308
426689 788562
852730 769968
841292 155620
566609 537592
837880 444574
291561 845450
470047 410943
603285 449307
806511 313841
171277 361020
816393 185056
298979 774144
827169 708345
814045 332998
803959 315173
468350 395883
452398 378671
126702 351222
410418 409414
325861 203058
814605 354382
577728 587566
872516 217570
398985 413427
567565 573952
197362 870337
177505 332053
239344 814789
489378 172861
117212 565692
520461 173217
142000 554964
500589 181466
800565 319364
840406 538772
606548 574376
546166 423311
448865 836781
105945 528795
916082 517633
797804 715342
809182 319115
510496 174308
248779 111087
417091 792545
424190 780052
837307 548214
649034 528813
718088 852181
769656 721159
908409 591215
794615 305632
549384 208450
350283 559840
387330 409037
153738 360530
884966 133900
392534 593343
193502 557364
613868 585089
228611 836717
372883 222824
638559 558807
207218 589497
844066 546029
334016 562797
795299 312036
340032 561740
798243 324160
436362 379677
601369 411415
321905 573147
601530 577183
140706 547367
290958 168323
888697 143969
473727 807244
689725 465685
285258 848668
888919 535805
512291 169608
159271 568953
565483 551512
820258 351165
383022 409854
827672 545966
809552 342258
296164 96874
570384 393553
852503 146551
618405 842859
378648 579579
261896 897475
416110 374296
665845 557965
429472 860855
879902 518647
773023 251826
242519 845811
407188 396576
158201 315944
367079 183232
408500 393942
147663 555514
107972 601191
166654 350678
877906 722361
618869 577243
327973 534972
852687 540692
345495 579864
804979 334141
296775 572432
348847 425164
846594 522941
333934 537464
453261 148432
357014 148222
906772 510158
823113 733720
376613 159699
216543 842952
553038 606418
325360 134919
820350 748217
417281 410881
246470 842932
827192 785316
413946 786971
366478 594677
176490 344679
825429 732758
616737 397973
867801 548156
898916 630099
588100 557588
146924 565933
134695 350397
881217 172320
770113 241615
860387 157731
674496 870664
261538 525920
515856 148316
412677 786951
615175 397627
811913 325091
286769 862152
800461 326821
804871 317801
843572 784897
672797 843231
804429 312164
578509 923881
527753 213985
411606 137378
260943 889692
562772 382904
318823 565345
244027 850132
912023 160368
316395 537403
281548 175184
722404 952207
834165 140684
166597 572855
707894 904500
296892 901182
335525 567445
544539 180391
352520 566829
593689 316888
340191 567638
674521 861127
823455 747394
174064 357989
593398 559764
854909 149938
458538 786673
853439 518568
602167 543919
533889 333741
410682 349328
601390 453925
637665 858741
800483 320713
155505 355581
604067 574091
374797 407601
904450 533427
300672 175844
345042 566973
802537 312497
809779 663654
849327 548496
657450 365008
131109 568012
839493 521150
416763 96639
389713 772742
861412 205239
568546 564911
353333 113156
666135 430421
179830 547383
846284 113820
319838 170383
595193 576508
612485 518009
491609 180519
348177 179526
324488 180658
891515 520429
622407 583192
783666 262902
490956 124550
115287 602637
674931 870112
852267 498220
178235 346006
371563 547746
618446 372298
211360 279794
238492 833394
415417 785827
412861 434751
857319 543529
803874 675499
810657 329468
508989 168995
570266 188032
593879 444161
392424 375266
864265 549505
152584 564548
868375 161990
179834 541387
139911 561185
179326 321160
359520 132845
823589 728083
487952 168607
629718 558104
499262 398424
879722 550246
883375 158482
801751 318110
308616 811021
211165 825505
395274 786698
370602 353215
267521 119941
797918 694723
885793 172115
834036 144156
499637 194036
876151 582116
850674 533083
788005 292268
143117 345163
400902 772920
520819 181586
681608 436537
885828 586348
873136 513309
835648 756631
381617 157000
647103 573853
408224 399767
505584 176135
597551 556737
660327 585901
415564 784464
782368 759352
838036 542999
332884 533990
514934 219169
287966 150135
889743 560547
443618 157237
147885 527813
610722 418243
656658 854609
344096 575522
873532 712802
801102 759330
137516 556818
258201 153095
829133 735488
302582 134124
319927 524637
198823 538624
812231 739235
198294 552987
797111 302781
626334 852383
525670 184762
903840 586229
633601 861482
606933 576409
854338 135067
869087 153957
605850 533310
836739 162321
353951 133923
650661 861267
213775 841758
417169 792321
192460 388323
391976 789416
135537 356169
629998 877765
349378 805118
353991 193997
247210 859012
858278 544519
638783 399478
667713 847241
166449 363036
188992 563992
464634 173867
251070 877802
168284 309036
387165 404027
219686 859997
819628 810748
183610 321788
234837 151054
155899 561715
399717 403257
344915 702496
213064 290947
528826 154067
662177 420431
662293 872590
173188 355248
172842 351663
847904 574114
425386 379634
140612 350010
428513 456990
669409 415893
871689 155981
216209 437830
856753 145184
227138 824372
168886 353913
600202 622079
406233 813072
662249 918050
666636 858686
718257 857481
163925 576666
823676 152154
407289 798870
843344 604964
613351 407952
577167 617095
422917 781112
182435 365508
660333 393215
693362 837786
356865 545785
672818 881943
308763 166511
244260 847060
593840 578685
582176 630383
224789 866804
808405 318841
873474 159567
838367 536676
142899 329415
514876 182995
339640 561426
573969 434110
790612 738038
367641 556309
240171 843940
818542 740451
799021 326404
130440 562623
766617 548142
866928 716961
613682 399434
885963 528959
593887 210595
374117 546122
245258 799882
826499 142732
683585 905984
820904 351763
700962 927047
442979 803024
368166 429422
849777 531138
777811 751059
408283 806161
807913 737341
386068 422517
420792 430901
864053 139325
164354 347671
486326 174643
852037 649724
211265 396792
336787 538925
257134 845851
850451 764015
173908 362098
900991 497149
394436 450912
654147 407182
875410 128878
155479 345893
248210 886338
874125 543036
787336 144875
828531 731300
507473 227670
863042 557890
418636 440000
343997 585193
206519 355629
338570 192256
796916 323332
308066 145825
497454 172375
606506 766728
597418 538362
858516 151301
840994 578455
405542 600089
154964 554923
806982 316680
689363 817577
315830 102777
492551 434649
695646 652231
892382 513991
416444 783624
335235 180161
876503 659112
248931 844960
535564 177248
870599 149782
856454 117143
170271 306395
373684 418326
853279 560714
283784 178305
396517 394572
831165 783383
612648 772280
817252 730254
753254 840123
521152 152439
248683 383412
222445 891438
264293 890923
837676 148639
644301 925034
800304 163436
820707 705318
179931 536588
890613 567037
823250 732088
336336 563145
134261 519275
617910 592293
165886 348709
629377 853726
241473 860854
606300 566708
805089 762512
814105 723255
788351 737539
803701 321815
852918 552112
238260 882489
851166 532382
843813 182032
321519 561045
401240 354085
517580 170329
622212 860015
337343 156614
832886 781206
854037 528890
806626 318966
187324 377187
787644 297715
402031 426039
183583 787453
382419 110392
156474 570384
624452 584622
502302 210265
604352 573425
324337 162686
335328 562880
497582 190801
479631 178459
447833 819282
581240 362971
241849 815141
401708 409924
840943 739611
688015 533535
682315 843851
144705 375936
397561 815245
325344 159885
154412 310120
658103 572250
376176 795539
683156 877209
605284 556134
383894 179880
246453 883061
866760 753547
350056 566657
418140 415328
 80673 566893
270899 175377
780927 285057
858172 137586
680579 836946
804251 329956
799724 318884
317136 563479
560237 500154
375619 553791
129453 321221
253129 154296
477323 384551
855993 225023
405325 407466
229970 878786
797834 297329
616926 398697
640210 902029
155943 576199
347492 153416
245678 821691
347522 587567
658199 568743
297022 574097
607463 477085
166973 334724
668228 858122
856349 158150
249370 872804
142252 329183
669690 842110
848137 87922
808062 337340
813319 737376
336991 217448
246047 846189
625919 402984
330455 568758
155625 262321
806087 326636
279251 184486
664025 801796
138965 558201
848264 762550
869991 705259
297177 88467
146070 316860
229131 842806
183026 545377
883537 210648
148915 338914
492415 829655
512241 169240
622550 391601
339288 588052
439793 740773
625709 660145
673028 860593
694897 834591
164046 346109
672800 874378
786935 732999
326627 534442
578878 420108
572244 349463
257984 555707
256216 903741
605535 925341
674121 858589
849501 552769
623502 420376
786719 283364
626843 367696
655859 416496
728743 850843
324516 522674
795200 786424
463768 793154
709303 897538
674472 860330
674236 877152
201567 881003
818251 731938
 94249 600812
398629 401626
 94061 576129
683321 873932
577773 434308
802655 316263
604415 571400
576263 547239
137740 618961
141860 324304
649412 856993
632952 385722
687717 379483
157691 334886
845802 172285
837545 696979
626586 415166
504755 150226
809781 326904
410610 765111
855177 626376
176092 531921
275524 559548
395450 407822
764997 249477
520759 184923
807446 342555
434080 785264
778414 260729
139601 914203
833499 504718
368060 76739
621989 394856
840270 725456
622636 456843
661430 603567
225567 853078
773955 239849
327738 559624
367864 442851
851840 110475
799794 315080
855233 141357
199043 270173
469470 189347
347638 429109
335970 846828
178515 370287
746769 205186
138734 557713
551867 170425
341329 565571
630205 338054
509951 176794
893106 176595
139033 593287
835128 212354
603445 630598
327204 152871
649088 575733
383992 398245
351564 573155
802853 314938
170688 343596
632390 363198
875625 599766
242415 844335
442915 420573
265246 889333
506815 173387
860721 547751
311093 169734
672544 859978
612392 916853
257841 193878
879031 489881
636291 360636
300726 862728
620187 400168
617428 397343
615239 317684
224225 376975
356246 549756
680261 863401
649968 371445
832490 450680
776000 780347
176506 351827
506361 225237
515230 149567
387756 435588
417515 787648
811061 333595
866560 165110
 68388 574380
270729 67329
883062 547498
422198 724557
869369 536868
402069 434868
403522 785432
506142 170513
913298 162009
630904 404643
844627 556401
289531 145743
341675 560197
910683 612854
116492 509399
141861 328909
495032 203929
559076 190770
804013 316083
399077 403968
797242 324588
256082 831969
315850 573154
399587 792459
358384 556361
832238 725434
348815 150017
687325 883004
864185 161232
541220 177840
300021 159185
261622 869706
391439 399819
854654 549222
798981 311092
141699 530028
418149 790096
407694 718592
838328 185708
519003 160741
377720 727349
869471 745767
335003 151395
675013 876331
659046 930099
 76661 531044
613545 574733
850904 720163
650720 817440
431437 436764
342064 570045
800845 311838
800959 322309
445199 763833
236987 881080
860606 152843
221126 837878
804038 306622
321050 422497
353939 570931
339732 163158
826192 577784
311433 134432
856167 542249
872033 558924
350480 214608
616561 619007
496658 816784
670519 870010
168805 351913
241972 840749
350798 535657
806888 492319
502500 176532
923120 170161
682100 853708
859213 538040
829216 121494
680357 620811
809594 344872
369249 797068
873984 580836
396621 381952
858042 178196
843432 490725
510739 121103
304157 566007
852410 187705
818756 743887
668879 388617
821906 732848
613536 395801
636871 929410
626539 394908
509279 180548
611954 360938
603055 589818
389520 406500
 88703 577217
412388 784064
165945 345849
288068 561932
825997 730652
285865 167818
810903 332925
457554 795861
371616 570648
359740 379592
398724 404179
830226 483466
932662 537069
412453 784453
878184 487392
414448 429790
398980 407667
341925 569393
181463 326571
174878 362329
209553 326461
605107 563429
594010 570095
665308 868551
860863 546060
165653 317602
282603 846165
795322 311178
602873 527864
803774 334756
800582 316980
201324 574588
676480 860779
274505 864723
304283 183656
616054 371666
377042 182019
518068 137556
402677 412615
418623 404382
392447 408539
191099 341570
802004 317772
397618 404912
448649 813885
844234 153197
669430 905798
238308 790723
596481 567449
794640 313497
608687 374928
828589 652430
575116 345564
514739 189624
165104 543395
395246 392783
497815 165151
474135 199330
363956 609339
604737 574591
849126 121710
220869 407358
413549 408517
859298 139834
840886 397888
844617 499013
211584 591058
297212 546223
834483 173379
449683 388863
571570 375257
824475 518063
467697 168082
696808 866039
289176 571435
861563 661642
842907 133992
 86243 559135
394761 461494
800235 316652
567428 580005
641070 424917
174438 319075
851010 157593
609532 388425
860845 155375
245532 846331
416019 787562
798472 322218
629369 398359
857818 534525
122755 434879
829790 205695
821428 153468
282957 179982
309399 838744
165881 364469
481133 781413
803470 319069
173978 346514
854412 725575
315488 160339
668367 855686
682510 905902
674463 862486
572029 518313
331616 565089
241475 850889
371548 414612
365147 790525
407626 771304
836081 178429
621241 368090
325279 168587
927170 250593
484407 809641
460371 780609
271424 251323
843891 721571
411171 426853
576235 462612
209264 836661
739318 810528
841130 529745
751215 828365
175766 380534
576158 210283
282430 560217
819768 346596
139641 557503
260096 530550
860927 110775
801482 327644
389510 370897
819439 735945
261819 863523
617689 397001
861519 531277
869818 543227
256487 868899
682481 879399
676962 897430
800133 327081
390538 157197
816091 747764
220156 589643
394708 739061
578804 573582
246729 879602
176144 353300
798308 312788
198493 326704
865030 541150
755829 751858
852104 134678
370955 325071
588964 597435
810775 160434
244257 776516
620240 397022
471328 176297
890223 556874
402666 814060
839012 550376
363959 810632
801667 318542
835030 668528
708244 871834
610263 574422
864211 216526
854095 158510
824624 381716
678195 860537
864667 143614
252199 828023
125756 579609
790712 745884
517882 175467
671235 856653
387951 813315
589900 217899
769386 259892
822533 758955
344237 573700
427371 819417
693997 774817
277027 536847
375971 427549
804408 337683
162921 317643
292872 896822
218369 851387
432052 613723
407504 803363
787988 741203
514722 190943
130657 555545
804702 315881
153583 352282
392795 817694
383878 376230
384591 137729
619332 401992
700747 821557
397399 403186
679818 860064
683252 858182
418996 389541
864040 538985
342963 582232
219316 898830
687043 806921
306421 145493
850200 164752
797594 302109
645171 595209
432656 783776
857328 143692
228715 837572
244799 841688
850376 739749
229567 855332
591955 378142
137680 555667
344791 578536
826048 374236
275288 212315
271395 862063
688098 908495
250003 859517
177241 292639
149758 564768
690195 475150
403004 613466
169876 340860
237757 834092
674134 908464
838515 768484
556780 409205
202627 179376
226433 837646
674659 860894
315146 160782
311163 166821
638823 411764
400055 131725
817862 732248
183516 374212
846257 145306
351352 362910
188424 849785
837718 761480
805884 549492
513010 141058
366654 802105
803796 314893
159428 300364
587466 564953
489504 146224
226949 889283
578496 631434
847812 114745
343717 559909
789095 895634
783491 288029
592620 446156
158571 361986
607214 575069
345692 788190
169628 365003
647968 877873
844662 654835
870214 556246
807401 314610
393424 399084
202175 495076
562704 570596
315670 160928
422776 808328
169994 409806
653592 959882
170816 547069
906396 535803
451753 383440
283474 532727
332246 172932
512560 224816
817441 709397
843715 568319
145251 553486
631365 450732
665697 929571
806848 320541
137657 611252
613719 382828
230149 886583
538994 179328
510414 142485
297183 841456
138349 554238
639997 865965
399188 402459
866051 172932
158366 537970
823065 733789
573925 449341
206219 604081
298214 820903
340048 131847
459556 818479
876935 684572
507786 199578
864991 159874
424089 352640
400380 588221
674961 865594
174373 363552
797178 310439
800041 318331
341775 425156
823974 725025
684568 380640
416893 347737
602013 574722
321775 164846
586097 567445
611581 572630
685821 816579
240221 843932
691600 397893
825404 733788
461701 188438
798056 714380
142265 546135
860473 545982
657811 885904
879309 561548
729194 856897
170425 316185
797162 306135
434717 808225
630706 388370
385804 393101
363075 162238
146681 562995
508551 174306
235084 818866
376557 109320
555904 640401
160369 353500
575022 213534
451670 388347
650157 402991
412227 787450
151374 538387
818932 728481
172756 612694
336549 565597
870801 476330
412615 403902
817640 730018
299821 866288
424840 479570
156041 295117
208494 850615
811745 461099
613871 550423
216846 737568
674433 860605
415136 446807
244966 841126
664639 925795
528766 239937
405470 392374
310529 141617
749723 781756
803540 754792
393659 439272
814553 164190
646422 900526
898736 548642
116142 550919
416926 785113
257926 936947
205466 778884
269354 811847
206660 575002
537211 376777
791355 529644
206687 342276
839974 154358
321910 573825
331862 169092
131532 536658
829673 730398
307913 91419
350428 392503
174410 372064
712262 856869
618600 551446
651576 865180
618391 348381
866139 717138
321517 569562
872285 750708
 94571 528963
339482 151261
392919 405103
856437 532452
207804 354938
486891 175164
627727 578737
683098 847245
341559 562163
599870 591110
331212 162496
636500 587401
628080 562986
623004 508050
485968 123023
429515 393708
593061 579188
335792 541310
618869 398187
166290 521714
862117 600081
 74519 527539
804354 309671
413241 771595
229280 813483
138012 558263
235041 823732
850790 525740
814108 344096
266980 825990
229857 843917
327927 168535
187858 381077
613921 394043
808777 512952
256073 917590
396540 815936
279008 521035
862062 545736
870337 534303
821895 732158
324442 567881
856924 169071
545699 174099
650054 432740
307300 836132
312275 145173
505117 141877
321822 187102
224676 859348
604294 574368
848974 199427
411008 607342
849751 167033
258416 835432
526802 551524
786495 759000
680646 375662
829623 732301
661166 404325
 93136 613387
355168 114823
392258 405478
187314 815820
828005 145089
299772 828655
172882 571145
321778 158339
407576 434017
620610 395343
170616 352610
139451 549580
418410 795929
245740 814541
347050 150472
895723 126593
 55359 623076
198583 860431
251958 886571
576987 392508
294492 832336
843833 170416
375997 806621
354767 417464
488800 197919
608768 610525
194258 914691
856552 545271
817135 349925
598759 582942
782506 279930
881106 105566
414249 796590
875248 462524
822103 732911
101553 517715
676767 832479
402367 782997
336845 172750
848628 503773
340064 550509
249209 801933
806827 324616
611547 411952
842576 153072
879500 590791
148385 538149
675902 853961
658219 436184
541455 223176
223226 546198
416884 786845
406184 394506
847292 559228
617330 369828
144620 575370
186503 369651
405652 622938
616060 590779
166560 559687
244246 847589
820083 728310
416750 435776
485110 150541
715956 900724
895680 609341
160165 362858
603193 371867
320000 162605
392728 411341
440667 768761
850046 108829
796952 318633
662154 385013
441950 785934
324032 577807
410917 614521
280519 165350
798007 723995
376145 414107
344710 213543
801166 322298
859492 572224
465734 114090
837457 518745
265430 151883
224852 934148
642157 345545
803369 698753
886773 509047
238714 858826
392428 402295
736557 897961
803277 319525
393825 453067
801780 318992
481067 172555
862534 547936
521006 163218
545455 182232
783116 265635
348191 165419
615032 402225
188480 870646
606929 571420
630491 379017
363208 238649
673826 880137
355924 577596
382222 441817
779936 774397
468907 448885
515450 173220
841096 188742
882097 161493
657120 386782
803839 310353
677362 853471
891699 170415
660103 414557
390182 360941
318065 581616
680969 838864
423371 373970
420489 448078
277055 860813
328851 147002
498730 183037
605073 372055
639613 388524
607440 403119
670957 810768
660459 860658
340966 420480
341578 558672
333805 148479
419520 778231
322841 169735
337910 562252
480876 160465
224241 828996
608557 590278
819843 570485
840335 164912
244899 812192
888714 205560
467107 817914
360945 167952
619295 397643
339137 160334
369366 561201
315013 318367
568824 570203
397735 448097
814561 575281
809550 327365
419118 421655
333682 401078
338753 563384
127964 538935
319283 158983
415521 368125
328775 156501
691716 873426
838821 563842
412500 594675
808153 737136
790932 305223
664903 839150
250921 819639
197735 355477
610980 522819
873672 734440
312227 159417
396556 406492
420319 794333
905005 164126
802041 319504
337889 558031
308555 134011
491145 206344
819058 729125
249253 856047
683697 581516
283571 109326
859679 541785
638078 629421
472917 830363
502915 183059
679799 858680
469139 810971
244049 817710
347933 797148
824765 761114
847097 176660
794265 594573
278116 185472
793791 581315
803464 329093
566524 179796
679237 862389
679242 853941
101427 615890
407334 445969
839088 528460
803375 311620
401162 412142
782642 275308
385183 556284
624343 403629
799275 324108
852423 159874
802184 751958
871597 185239
797205 313318
579773 568698
327608 177638
305333 171939
838609 140215
680757 826912
617118 374098
310386 171068
170102 323164
850153 155701
385257 791581
647354 579190
648443 845340
421352 799127
511289 183247
874672 104851
285152 520229
167262 399527
627206 402647
605927 572533
358483 554925
409616 575024
170788 373545
577473 384210
256512 837094
784838 771499
234604 822462
111855 531542
213558 873714
793875 473793
152957 321354
398255 405428
105568 584102
469422 822619
480787 147737
167330 332452
146072 288800
130805 354417
835581 147664
669748 863109
497255 188783
246753 175170
662830 420955
807421 317527
179609 408365
803332 315488
222682 806314
841353 125628
690968 555952
784151 283760
518892 165875
716139 621721
330750 561657
804925 735492
401730 354294
514428 222503
529409 157228
821079 800206
 58190 608304
468229 827985
402566 415798
618676 377015
405902 394724
818014 140185
484678 123623
357679 548036
686324 364237
851866 156896
282066 560178
311328 159477
206561 574789
419227 779215
507862 172954
159392 351000
833661 389733
437116 148591
151701 574146
538571 654649
757421 774445
802674 727804
472054 129986
611315 560757
380281 205779
817807 715863
207217 878249
848108 161786
267662 127175
829240 591428
293350 175997
309501 166931
363304 553764
664156 846474
261120 804153
840020 568424
268926 813783
610666 551701
610676 449688
795836 291870
414562 787355
608298 573748
603472 894573
887780 536497
821909 728448
610026 444858
483807 198925
 98533 355691
659529 498474
436641 55171
333937 51121
314519 146787
825070 734215
848290 143184
823913 369439
642607 374702
759789 229116
529858 213114
878519 606677
493714 173387
159496 331641
414036 742189
411674 402377
608711 373665
328423 161604
394599 409068
397331 407010
595580 798572
797415 319840
551291 576721
420616 401526
627968 574625
815455 755486
497254 171940
321182 150806
634800 823669
797272 324228
534702 244239
776131 248465
549147 171454
659297 373975
817018 729596
810817 509540
189752 865463
802482 335269
588432 446279
396118 794614
873690 156226
617717 613939
317217 163896
284077 905181
316263 163806
508805 429073
120357 560737
829747 530312
474516 189144
232246 844226
119237 591137
856029 730586
158596 562634
164847 287064
837312 572687
683610 910782
802784 313853
188985 367645
665048 854911
824674 806300
117585 391892
813124 157130
434581 123267
420509 788730
244743 830888
841843 503359
573755 218049
404273 429948
366934 581294
528094 178343
316313 570785
269723 849664
359352 162962
558307 203307
591851 569051
154162 536416
511368 173673
791470 751113
168036 807011
721905 378957
407833 402474
524502 248106
115905 560139
684537 843821
509928 184873
625728 579460
159654 381778
435067 403802
399693 395271
601339 571609
418621 840463
258975 837353
414377 771258
792179 148539
520763 250478
235671 300234
410969 770451
253655 821946
339981 565418
628715 434772
252845 181181
332201 181702
159683 838958
810502 336169
610330 552628
846512 683647
688487 383589
789388 712210
854342 541611
708262 945359
829529 375007
392576 406460
130883 557824
416855 794023
824594 741664
267049 950249
562920 559223
620330 396776
441415 780207
295311 115000
409814 836083
923996 594948
174672 345849
422961 821595
414317 828815
338084 560295
825395 715780
318266 171979
550086 442382
402071 427626
313609 860065
145867 363616
398617 402424
850577 157049
180633 570302
162600 392531
284757 175853
153185 562792
329029 204399
858819 544904
808097 502521
858057 542933
617573 386848
528679 199079
339967 562602
624293 333944
863391 126214
857833 170565
302353 545544
237750 837381
153326 558408
813092 739043
261093 844962
806176 320301
397669 792218
579564 428498
341966 586266
822664 720677
695514 321521
182050 424341
127503 623654
387039 365758
801177 737548
398246 406245
166840 562425
535453 200970
294326 807584
135849 550612
244344 185382
420476 750495
794260 129843
555429 604551
850787 125678
838239 576018
321522 163852
618113 400002
165284 425978
365927 571713
832086 716249
653177 819935
783999 732487
274685 883097
676360 866112
357737 597104
671325 856592
675866 868784
801309 318213
188909 341194
663578 586265
857231 551055
198892 322470
723397 859761
448231 384406
407460 791404
584077 398498
146120 576624
399858 403574
823740 169808
837977 728814
286990 529505
617399 392653
801810 728106
658748 777680
606558 458285
291973 127483
671772 860357
836951 546244
400538 407020
330482 571217
274321 219665
864374 150149
860951 162251
507092 175151
247892 115217
344437 529492
663168 859429
354601 358760
816615 770855
380236 460907
883864 111281
610698 396326
144242 557674
400257 404936
165689 356983
280110 522025
861994 160156
599808 596484
371052 147369
871255 140340
604157 574191
256949 820470
349296 557688
634004 895206
655237 871554
401330 395538
505603 147517
850663 157840
811971 664520
392046 391220
676694 851597
750459 800215
848151 741869
233284 860085
314479 178821
219321 848396
333789 151168
356739 417826
596891 579476
167845 341409
265125 820661
264175 824349
584895 574666
813645 328765
275459 190178
519396 177174
220931 876605
414997 432597
549945 372313
417023 771194
307107 174760
672628 882986
395641 808571
427749 457110
400660 404811
805390 319676
533577 355107
884613 507507
361814 411086
323747 163351
 76253 529394
805391 732659
157181 346842
840357 169437
139146 569516
127134 379827
462658 75167
915504 527751
801539 318482
185935 554627
913686 576892
480571 204150
838129 404012
134449 557556
 93459 514032
857363 154639
181561 358111
164453 544085
658734 883214
221122 832810
866987 154415
815652 733433
835702 176502
516888 152451
202913 525966
337298 565486
829229 143653
389279 424006
173847 514665
820947 730529
547270 403384
888504 147016
270201 236813
803780 334441
263626 851699
422736 790806
668772 858570
109090 326101
645677 814395
239505 885057
866352 535933
671269 590258
172020 342883
273165 852766
178264 330827
345234 188822
321344 166633
777697 798253
834996 728517
840863 737972
878157 210496
870826 524625
860230 528054
442286 755194
430001 765803
522993 595581
893991 544467
589112 536573
538228 168834
411721 717873
376444 371957
327569 158418
889260 541423
486224 196184
605911 379990
575440 568511
201080 823689
177858 352255
525967 565687
598671 854219
353979 578923
414512 793966
665828 868934
819737 737829
846646 548548
378824 430343
434815 388041
358830 431609
194033 340466
849547 738979
806131 312752
179811 342089
504096 192493
385561 718324
260930 184935
506612 858859
308966 523409
165356 570715
399997 411205
868493 677155
836874 555991
584938 344365
801232 307078
504373 165819
290107 571927
528011 201615
833504 744564
802646 317894
417197 778243
823584 568458
428667 451233
842281 175525
332913 385678
666516 859837
604438 574666
496006 191010
460628 434107
627679 395601
682304 876841
846731 162515
291228 101272
804936 148980
582057 543124
130249 579307
829969 699565
161475 587507
808710 330379
693699 822637
333942 143344
511030 221292
243951 865415
516128 178722
350117 535859
156984 430950
179472 342273
321620 169950
149092 352682
844734 164570
404782 557913
377588 402670
669366 869654
614497 830844
831779 577161
159120 340829
324121 96346
395210 357805
146678 558942
804332 319006
888111 525539
342400 426090
597620 586226
800655 320227
618406 404239
600007 377908
359036 365793
142886 556511
184412 537050
257093 801567
283786 133973
798523 324500
222727 770963
559933 403956
840375 155757
863706 491401
347630 120931
867993 162841
326040 156509
809917 762429
143912 595772
125548 552424
853348 525893
348773 583528
609219 362804
832758 707452
598634 619900
840100 728839
105444 361358
270742 847836
354746 552404
108651 521409
248570 843156
412386 777312
602887 595245
535034 172649
223550 323197
812965 330224
257856 846423
464672 193513
631633 337973
354529 573677
165607 362883
623386 387031
505400 160422
324444 166910
797400 315778
841045 738224
608309 377530
847276 121785
412851 774986
160280 493497
612799 537497
513957 139202
551236 401856
882403 534710
561725 168220
460198 402706
816390 711340
490355 153464
340066 152500
339212 538693
678606 878004
845798 213118
735295 814058
298665 568245
364455 436191
460616 174810
408992 462226
809623 734937
330145 546705
276792 141848
332237 911313
424023 737453
400545 404212
576965 187481
606738 601356
373360 784232
518675 175686
653024 367312
147599 513563
529931 180136
894785 440382
836727 737798
397851 400846
184402 546549
790395 300024
521153 242968
235022 911236
811031 703822
769546 554722
304376 222294
635887 384511
166973 341636
276703 559740
507311 177795
603359 589262
620438 511694
380139 434251
641976 577433
818209 719382
877835 151890
842590 716861
859185 553000
338342 566864
814158 335578
325938 164475
874643 729921
799197 314215
578113 395458
800913 749332
405986 787439
418046 358461
566666 195255