4.61 1.04
8.45 1.05
9.01 1.44
8.60 0.94
5.96 0.67
6.43 0.64
5.70 0.52
5.69 0.52
6.13 0.75
13.74 1.99
14.17 1.49
8.37 0.65
8.70 0.80
13.07 1.52
2.06 -0.11
6.19 0.48
2.27 0.34
11.80 1.48
7.01 0.92
13.73 1.39
5.42 0.42
6.12 0.44
3.88 1.03
10.87 1.45
7.96 0.75
4.89 0.49
9.91 1.06
8.35 0.62
5.25 0.44
14.36 0.42
13.27 1.52
7.95 0.95
13.06 1.60
9.00 1.36
5.72 0.31
15.34 0.21
8.37 0.63
15.90 0.58
5.12 1.62
4.80 1.57
4.44 1.66
6.6 -0.02
11.53 1.74
12.54 1.66
12.26 1.55
8.94 1.42
13.79 1.62
6.85 0.64
4.61 0.06
7.96 0.66
6.66 0.60
12.49 1.57
13.95 1.49
10.99 1.46
8.07 1.56
6.50 0.59
4.52 0.05
10.88 1.52
6.46 0.68
3.56 1.22
15.37 -0.12
4.23 0.58
16.05 1.98
5.18 0.42
5.51 -0.05
10.40 1.48
5.18 1.00
8.94 0.68
8.30 0.90
11.24 1.50
6.39 0.66
8.41 1.57
9.84 0.84
11.88 1.48
14.27 1.59
5.40 0.00
14.54 1.67
7.92 0.95
6.82 0.60
2.80 0.62
10.56 1.47
2.39 1.09
3.94 0.17
11.66 1.22
5.06 1.65
5.17 0.03
6.04 0.43
5.43 1.56
12.23 1.48
9.63 1.14
8.40 0.62
11.03 1.14
6.21 0.84
10.17 1.09
7.72 0.80
5.19 0.12
14.99 1.51
5.60 1.15
10.4 1.54
4.73 -0.10
12.75 1.64
4.77 0.02
8.52 0.83
4.37 -0.07
5.38 1.08
6.30 1.00
9.61 1.35
11.00 1.36
5.09 0.04
13.51 1.65
6.41 0.61
14.88 0.67
7.37 0.54
5.57 0.47
5.20 0.56
5.65 0.57
12.54 1.55
8.62 0.83
15.61 0.20
11.71 1.54
7.94 0.70
8.43 0.66
6.41 0.52
15.32 1.89
5.13 1.60
8.37 0.78
6.78 0.64
6.40 0.55
5.57 0.72
6.23 0.72
4.37 0.87
13.24 0.54
11.05 1.53
3.27 1.28
7.30 0.63
5.87 0.85
10.57 1.16
5.36 1.16
2.23 1.17
6.69 0.51
7.36 0.94
6.14 0.70
14.02 1.55
5.33 0.89
6.97 0.65
5.89 0.55
10.89 1.32
14.53 0.62
4.59 0.97
10.25 0.36
7.60 0.52
10.52 1.50
4.94 0.18
7.19 0.75
8.73 1.13
5.39 0.50
14.53 1.58
10.86 1.03
9.25 0.67
10.93 1.34
2.04 1.02
12.84 1.00
4.36 0.00
4.76 1.01
13.29 1.00
5.90 1.16
10.78 1.44
7.79 0.67
5.42 0.04
5.24 0.33
8.01 1.00
6.54 0.65
16.70 1.61
8.48 1.17
5.80 0.64
5.50 0.98
12.31 1.19
5.38 1.65
8.64 0.64
15.78 1.63
4.06 1.12
6.54 0.50
12.56 1.25
12.13 0.43
7.85 0.54
7.74 0.51
3.44 0.57
5.75 0.88
10.70 0.58
7.76 0.90
12.14 0.70
4.43 1.50
5.07 0.51
12.38 0.55
7.16 0.78
6.3 0.36
11.74 0.87
10.04 0.61
14.87 1.50
5.19 0.50
5.07 1.37
10.67 1.39
9.60 0.89
11.63 0.53
8.69 0.80
13.08 0.88
9.24 1.21
5.22 0.36
11.35 1.10
15.41 1.68
10.41 1.08
8.96 1.28
4.82 0.53
12.43 1.15
12.05 0.77
12.21 0.94
12.04 1.05
9.16 0.58
9.73 0.55
7.17 0.93
12.40 0.89
8.47 1.40
4.83 1.21
12.23 0.90
10.39 0.66
12.34 0.58
5.79 -0.02
7.38 0.65
12.74 1.03
12.19 0.60
9.10 1.03
11.89 1.48
2.47 -0.15
4.63 0.96
11.83 1.15
12.36 1.51
9.48 1.18
5.31 1.52
3.87 0.13
5.45 1.09
13.72 1.65
15.02 1.71
10.96 0.96
4.42 0.94
11.48 1.02
9.46 0.86
12.47 0.79
9.47 1.32
7.08 0.46
7.79 0.43
11.77 1.56
8.45 0.60
7.33 1.07
8.56 0.63
9.87 0.50
10.83 1.57
10.06 1.47
9.95 1.11
10.11 0.76
12.79 0.89
7.67 0.75
9.56 1.50
5.59 1.18
9.75 0.33
13.66 1.68
10.56 1.19
11.84 1.23
10.97 1.43
8.20 1.00
6.90 0.65
6.45 0.25
10.06 1.37
4.28 0.96
5.36 0.90
13.96 0.31
11.23 0.86
11.83 0.61
6.25 1.12
10.26 0.78
11.25 1.49
9.80 1.19
14.47 1.87
6.83 1.59
7.71 0.61
14.81 1.88
8.67 1.16
8.98 1.30
12.41 0.88
10.95 1.13
11.40 0.86
11.37 1.47
7.57 0.50
5.17 0.69
3.31 0.89
11.52 0.88
13.35 1.59
5.03 0.11
8.41 1.12
8.85 0.94
6.46 0.86
5.52 0.34
5.21 0.16
7.68 0.72
10.56 1.28
5.37 0.88
3.45 1.16
4.25 -0.07
5.29 -0.02
6.74 1.17
2.06 1.58
9.10 0.79
5.65 0.60
4.33 0.17
5.81 -0.10
4.66 1.03
4.51 1.09
9.80 1.56
12.89 1.62
12.05 1.86
7.93 1.53
4.65 1.04
14.76 1.81
5.24 0.32
5.13 0.46
5.70 0.42
15.5 1.5 
8.47 0.56
4.96 0.58
15.03 1.82
9.05 0.76
5.41 0.90
7.20 0.93
7.69 0.94
6.52 0.56
9.66 1.29
4.86 0.47
4.95 0.45
5.16 0.07
9.78 1.00
13.83 0.14
11.76 1.47
7.98 0.81
11.56 1.43
7.11 0.82
8.34 0.79
4.76 0.03
8.90 0.59
7.64 1.03
11.34 1.32
10.36 1.34
10.64 1.14
12.17 0.75
8.50 0.92
4.88 1.08
6.96 0.62
10.15 1.40
9.46 1.04
9.65 0.97
13.61 1.76
7.85 0.90
17.10 0.82
10.10 1.02
4.74 1.05
11.34 1.32
9.57 1.02
3.60 1.06
2.68 0.13
5.91 0.41
8.50 0.88
10.30 1.06
9.46 1.01
8.31 0.69
13.12 1.67
4.90 1.23
5.38 0.39
5.50 1.11
6.41 1.24
4.83 0.42
7.93 0.74
2.02 0.60
7.73 0.95
5.81 0.47
5.27 1.00
14.38 0.26
5.12 0.02
4.84 1.37
10.64 1.21
10.66 1.12
3.62 0.97
3.95 0.99
10.73 1.17
6.53 0.68
4.71 1.00
11.21 1.49
5.88 -0.07
6.97 0.76
5.51 1.02
5.76 0.64
9.56 0.52
9.66 0.75
6.90 0.53
10.99 1.30
8.93 1.69
7.09 0.94
7.78 0.92
5.28 0.96
4.09 0.54
7.17 0.70
14.16 0.17
6.01 0.38
11.19 1.39
3.57 1.28
8.13 0.84
10.74 1.14
6.24 0.53
10.10 0.53
12.20 0.85
8.66 0.83
12.86 0.34
4.98 0.89
16.31 1.84
7.72 0.74
12.52 1.85
12.56 1.88
0.46 -0.16
7.66 0.68
10.07 0.47
9.38 0.80
5.18 -0.04
9.86 1.16
7.84 1.12
4.95 0.62
6.17 0.44
5.07 0.88
5.76 0.87
4.44 1.36
14.10 1.47
8.41 1.22
5.75 0.44
5.24 0.84
4.07 -0.04
7.48 0.60
9.30 0.69
10.40 1.46
5.25 1.05
4.99 1.38
8.36 0.96
10.95 1.59
8.33 0.55
9.92 0.41
11.44 1.43
3.50 0.72
6.27 0.75
14.80 0.19
8.12 0.64
14.08 1.72
13.08 1.45
4.26 0.96
8.53 0.60
5.63 0.81
5.31 0.39
5.34 0.37
15.72 1.76
8.89 1.06
12.99 1.58
5.04 0.04
14.45 1.59
5.79 0.55
8.98 0.80
17.66 0.43
9.45 0.54
7.13 0.65
5.86 0.74
4.67 0.33
6.37 0.52
3.73 1.14
11.80 1.50
8.95 0.68
3.38 -0.15
5.40 1.32
3.41 0.49
3.88 -0.04
7.43 0.64
8.92 1.41
4.62 0.94
2.64 0.13
4.41 1.59
6.01 0.56
9.31 0.53
11.45 1.33
9.28 0.65
14.99 1.61
14.85 1.44
3.70 0.85
6.41 0.82
4.79 0.28
4.83 0.88
6.10 0.48
8.60 1.16
4.54 0.16
11.03 1.54
12.26 1.82
7.50 1.60
3.98 -0.01
5.88 0.62
5.38 0.31
4.00 1.57
5.57 1.06
2.86 0.28
11.57 0.73
5.22 0.95
7.36 0.66
5.35 0.88
10.62 1.19
4.18 0.03
15.61 2.02
5.50 0.03
12.24 1.45
2.26 1.37
5.63 0.54
11.21 1.46
9.53 0.91
8.70 0.72
7.31 0.69
10.19 1.51
17.36 -0.06
6.55 0.53
10.28 1.49
11.39 1.40
8.55 0.88
2.00 1.15
11.6 0.8 
4.82 0.12
6.91 0.61
13.23 -0.04
3.00 0.14
13.74 1.48
11.82 1.54
11.55 1.50
15.11 1.70
14.51 0.31
7.02 0.62
5.63 0.56
7.06 1.02
6.12 0.82
4.94 0.78
5.31 0.93
10.03 1.43
7.09 0.90
12.74 1.17
6.06 0.40
4.37 0.89
5.54 0.57
5.67 0.56
11.09 1.47
13.16 1.07
5.28 -0.02
12.49 0.90
8.29 0.66
10.32 1.50
14.39 1.62
9.09 0.57
6.81 0.69
13.12 0.54
9.00 1.08
9.71 1.09
9.72 1.29
16.19 0.72
4.87 0.61
15.79 1.98
8.27 0.92
4.01 0.02
9.04 0.62
13.49 1.53
5.55 1.55
5.30 -0.01
5.58 0.60
12.55 1.47
8.40 0.57
8.90 0.86
11.46 1.39
3.04 1.42
9.34 1.46
6.34 0.73
14.05 1.68
8.11 0.75
8.15 0.96
9.41 1.49
9.28 0.65
8.81 0.93
8.87 0.91
5.20 0.60
10.39 1.21
4.71 1.53
9.07 0.96
4.09 0.03
8.29 0.29
7.95 0.81
4.52 0.12
4.89 -0.03
5.83 0.15
10.10 1.22
6.49 0.46
5.35 0.39
8.73 1.40
9.38 1.39
9.59 1.37
10.20 1.36
4.28 -0.06
5.89 0.58
17.54 1.83
5.14 0.10
13.21 1.52
8.78 1.18
8.86 1.18
6.55 1.23
12.91 -0.07
7.32 1.06
5.25 1.27
10.43 0.47
4.75 0.45
11.27 1.03
7.63 0.67
15.76 0.75
12.96 1.70
5.16 0.88
14.90 1.68
9.87 0.88
5.35 1.66
12.42 -0.20
10.65 1.51
6.83 0.66
5.82 0.98
5.82 0.97
4.86 0.87
8.80 1.38
5.3 1.55
6.50 0.41
5.68 0.49
8.10 0.95
11.98 0.55
15.16 1.67
7.37 0.59
5.79 0.66
5.43 0.16
5.78 1.30
6.21 1.00
15.04 1.50
5.31 0.27
7.23 0.95
4.07 -0.22
11.86 1.42
7.84 0.65
4.84 0.45
5.58 0.44
8.76 0.59
9.49 1.21
8.29 0.71
4.91 0.59
4.75 0.06
5.71 0.52
5.71 0.52
9.81 0.97
8.02 0.56
4.11 1.02
10.16 1.36
4.12 0.49
5.21 0.40
8.28 1.07
8.55 0.64
14.10 1.32
3.47 0.09
10.57 1.56
11.92 1.46
11.17 1.38
5.41 0.56
5.18 0.24
4.27 0.31
9.04 1.04
4.47 0.48
7.88 0.84
15.32 0.93
8.57 1.28
16.93 1.82
9.66 0.79
16.22 1.91
15.53 0.36
10.09 0.77
6.26 0.53
6.87 0.69
4.51 1.11
7.61 0.83
6.76 0.96
5.80 0.64
3.76 1.68
4.84 0.06
3.63 -0.10
4.23 0.34
10.39 0.45
8.62 0.72
4.46 0.99
8.85 1.25
4.53 1.56
9.16 1.07
5.39 0.02
9.62 1.30
9.99 1.23
4.75 0.91
8.38 0.54
5.47 1.25
8.18 0.55
10.72 1.51
3.95 0.74
5.33 0.41
14.70 1.59
6.04 0.87
8.10 0.81
14.83 1.63
10.48 1.39
7.58 0.92
7.62 0.93
8.23 0.93
11.37 1.54
5.91 1.47
4.0 2.11
9.05 0.81
5.63 0.43
4.75 1.33
5.11 -0.01
3.89 1.11
5.17 0.08
13.01 1.55
16.35 1.57
4.70 0.06
5.80 0.41
5.45 0.23
9.72 0.97
14.70 1.53
12.67 1.73
4.63 0.04
5.23 0.00
9.55 0.64
3.24 0.14
15.90 0.43
8.12 0.85
5.71 0.40
6.62 0.63
5.95 0.15
6.62 0.72
2.53 1.64
5.89 0.79
9.76 1.32
2.93 0.70
12.01 0.65
11.80 1.53
4.76 1.02
4.09 0.16
8.09 0.67
3.39 1.65
12.94 1.53
5.26 0.20
14.66 1.79
9.63 1.17
4.87 0.02
9.08 1.37
5.11 0.34
14.45 1.48
2.12 -0.05
14.7 1.5 
4.05 0.59
8.06 0.46
7.00 0.65
3.80 0.98
6.27 1.58
10.15 1.47
14.86 1.71
10.12 1.32
7.99 0.58
4.63 1.11
4.35 1.03
11.20 1.56
10.24 1.26
5.45 0.19
14.14 1.47
5.06 0.57
11.44 1.49
3.87 0.52
3.92 0.50
11.46 1.46
13.79 1.83
11.51 1.51
5.61 0.92
10.25 1.58
10.92 1.54
7.34 0.57
8.97 0.67
5.03 1.15
4.89 -0.01
7.83 0.86
10.67 1.17
11.40 0.05
14.65 1.50
9.24 1.24
9.42 0.91
4.80 0.23
6.17 -0.02
4.84 -0.15
11.11 1.41
10.28 1.47
6.77 0.58
4.82 1.49
13.03 1.14
7.41 0.78
14.49 0.87
5.38 1.04
9.68 0.85
4.88 0.90
7.02 0.65
4.83 0.68
5.71 0.37
9.07 0.99
4.95 0.04
5.93 0.43
8.48 0.68
5.54 0.64
4.27 0.71
5.23 2.08
5.24 0.60
15.24 1.50
15.33 1.89
14.78 1.76
5.09 1.24
1.79 0.48
12.25 1.56
6.20 0.70
16.49 0.48
10.28 1.28
3.60 0.89
7.86 1.16
8.47 1.13
10.83 0.53
9.90 0.65
7.88 0.72
4.67 -0.09
11.45 1.37
11.07 1.33
5.09 0.05
8.39 1.33
8.24 0.62
4.36 1.35
9.74 0.86
10.79 1.39
12.75 1.50
9.98 1.43
8.35 0.75
5.14 -0.03
8.05 1.12
5.31 0.40
6.40 0.14
12.25 1.55
13.90 1.70
4.72 0.40
3.73 0.88
6.17 0.89
5.92 0.13
10.88 1.25
16.67 1.94
12.53 1.51
15.49 0.13
8.34 0.68
11.46 1.59
14.88 1.61
13.7 1.5 
8.50 0.71
5.71 0.92
5.23 -0.13
4.28 0.58
8.64 1.30
8.86 0.73
13.01 1.69
5.10 1.63
4.58 1.04
12.70 1.31
5.86 0.37
5.96 0.92
6.68 0.54
10.36 1.09
6.95 0.96
3.01 -0.13
9.62 1.37
5.80 0.35
12.91 1.54
7.47 0.59
8.24 0.72
11.27 1.54
7.71 0.86
10.63 1.38
3.83 0.05
9.99 1.42
9.31 1.27
8.52 0.69
10.66 0.66
10.81 0.70
3.77 0.42
8.85 1.71
11.09 0.86
9.24 1.11
3.54 0.92
9.82 0.54
5.44 0.09
15.18 0.31
5.46 -0.04
3.70 -0.11
10.37 0.62
4.59 1.20
8.99 0.44
9.68 0.50
12.12 1.02
9.56 0.62
11.27 0.92
9.43 0.52
4.63 0.03
6.43 -0.02
8.15 0.78
6.97 0.52
9.61 1.47
7.96 0.32
4.47 1.88
7.34 0.09
7.00 0.88
9.28 0.46
14.93 1.43
8.71 0.78
6.81 0.02
8.37 0.30
9.44 0.47
8.19 1.00
8.69 0.46
8.25 0.26
6.29 0.01
2.87 -0.09
7.26 0.05
6.81 0.06
9.88 0.54
14.51 1.87
9.25 0.55
8.27 0.36
10.36 0.64
4.23 0.42
9.05 0.49
11.04 1.50
10.91 0.86
9.51 1.05
3.85 1.13
5.24 0.07
13.42 2.05
5.54 0.98
5.26 0.21
8.59 0.84
9.71 0.52
9.47 0.60
4.73 -0.03
10.23 1.16
8.15 0.68
4.17 0.95
12.79 1.69
7.57 0.69
7.84 0.83
5.76 1.05
7.85 0.66
13.79 1.76
9.44 0.56
8.61 0.92
5.97 0.34
2.85 0.12
8.26 1.15
5.00 1.45
10.83 1.24
3.24 1.62
10.86 1.43
5.28 0.41
4.79 0.94
12.14 1.45
9.02 1.36
6.70 0.82
5.63 0.30
7.69 0.45
2.88 -0.20
2.89 -0.18
10.82 1.44
8.00 1.12
8.04 1.11
5.10 0.56
2.95 1.59
9.90 0.95
12.62 1.49
9.26 0.85
7.16 0.54
15.87 0.70
4.66 -0.13
15.28 1.93
8.51 0.86
4.56 1.62
7.13 0.68
5.38 0.50
12.75 1.58
3.91 0.03
6.74 0.62
5.47 0.86
5.46 0.37
13.81 0.12
14.85 1.61
4.36 1.07
5.36 0.50
7.73 0.93
5.90 0.62
8.34 0.76
8.10 0.55
9.99 0.98
4.97 1.42
7.09 0.91
4.04 -0.03
5.59 0.31
6.09 0.95
5.51 0.46
8.19 0.84
10.20 1.50
9.68 1.22
9.73 1.22
13.71 1.69
11.27 1.32
8.49 0.84
5.50 1.07
10.98 1.13
14.14 0.17
17.70 1.70
10.73 1.12
5.57 -0.13
13.50 1.67
13.67 1.75
5.72 0.36
6.38 0.64
10.10 0.87
11.80 1.44
4.04 0.33
8.67 1.00
13.86 -0.05
4.93 0.33
4.14 0.95
13.9 0.0 
5.46 0.87
4.71 1.01
5.29 0.36
4.84 0.80
6.86 0.36
5.19 0.05
7.10 1.07
10.48 1.26
8.79 0.97
15.55 1.07
11.56 1.38
5.43 1.17
7.29 0.62
4.87 1.17
14.02 1.14
11.01 1.24
4.43 0.82
3.86 1.10
14.35 1.64
11.36 1.24
14.03 1.58
5.65 0.28
11.77 1.37
3.35 0.91
15.32 1.54
7.65 1.11
11.46 1.45
4.25 0.30
5.45 1.10
15.59 0.24
3.65 0.99
9.63 1.17
6.88 0.56
12.68 1.45
10.82 1.00
12.38 1.04
4.44 1.08
15.22 1.71
13.42 1.15
5.34 1.08
12.92 1.52
5.86 1.32
5.38 -0.02
15.04 1.0 
15.77 1.0 
5.91 1.66
13.36 1.88
9.81 1.23
6.99 0.56
10.10 0.67
3.76 0.98
6.01 0.35
10.48 1.24
12.29 0.92
5.76 0.40
14.29 -0.02
12.61 1.43
10.90 1.28
4.80 0.15
9.99 1.05
5.17 0.08
11.64 1.49
7.81 0.63
10.30 1.03
4.22 0.13
8.94 0.76
11.43 0.88
11.16 1.15
13.41 0.41
4.29 0.05
6.46 0.49
9.01 0.94
13.25 0.95
6.73 0.68
12.13 1.40
12.56 0.74
4.28 0.26
7.49 0.54
4.49 0.25
5.24 0.96
8.12 0.66
4.69 0.98
12.04 0.80
13.06 1.49
14.11 1.47
11.99 0.99
10.41 1.09
11.06 0.86
10.54 0.54
9.48 0.93
6.29 0.66
6.84 0.63
11.06 1.64
9.03 0.84
11.14 1.34
12.26 1.36
5.90 0.32
12.58 1.14
3.53 1.01
14.20 -0.11
3.84 0.95
3.40 0.18
8.27 1.35
10.9 1.0 
10.69 1.37
11.83 0.95
6.59 0.53
12.25 1.37
12.51 1.24
13.90 1.74
10.33 1.18
12.80 1.10
6.10 0.46
12.78 1.46
9.10 0.85
7.91 0.65
5.58 0.32
14.57 1.75
4.78 0.17
8.93 0.84
6.51 0.43
14.74 0.67
12.17 1.47
11.05 1.28
11.02 1.22
8.94 0.88
8.66 0.74
8.33 0.89
7.42 1.09
4.65 0.25
11.74 1.41
7.93 0.79
9.69 0.91
9.26 0.54
5.11 1.70
5.26 1.47
4.51 0.98
8.63 1.43
4.25 1.22
7.68 0.71
0.85 1.54
4.25 0.18
9.38 0.85
8.42 1.12
14.30 1.62
6.37 0.76
11.37 1.25
15.83 1.62
3.27 -0.10
5.35 0.32
6.49 0.51
4.27 0.12
5.23 0.28
11.51 1.37
8.26 0.75
10.36 1.50
13.76 0.32
5.07 0.15
4.69 0.15
3.87 1.09
9.21 1.01
5.01 0.07
7.28 0.63
5.45 1.06
5.99 0.57
9.18 0.65
6.06 0.28
12.63 1.01
8.01 1.08
10.99 1.49
5.29 0.00
4.32 1.61
4.28 -0.13
15.96 0.21
16.02 1.58
7.74 0.62
9.98 1.52
9.91 1.12
4.45 0.34
8.00 0.90
9.88 0.64
5.05 0.37
6.53 0.68
7.20 0.68
17.29 1.89
7.79 0.65
5.34 0.25
5.37 0.19
11.52 1.48
10.91 1.28
5.07 1.28
10.59 1.16
8.33 0.60
5.44 1.57
8.45 0.83
6.97 0.62
5.27 0.20
5.51 0.63
7.59 0.89
4.88 1.44
7.19 1.61
5.78 0.62
8.85 0.57
6.97 0.58
3.19 0.45
15.23 1.95
4.36 0.01
5.10 0.21
13.40 1.61
6.76 0.54
5.03 0.98
6.27 0.50
11.98 1.57
13.52 1.40
4.74 1.84
4.39 0.25
5.33 1.64
8.20 0.83
3.72 -0.18
10.90 1.54
7.05 0.11
7.83 1.63
12.39 0.57
7.98 0.80
13.67 1.65
14.00 0.07
2.69 1.53
7.02 0.55
4.07 1.15
9.79 1.42
8.44 0.84
8.04 0.58
10.98 1.48
8.18 0.75
8.15 1.06
10.72 0.55
10.85 1.26
10.02 0.12
4.94 0.04
6.19 0.48
12.21 1.00
5.95 0.41
4.47 1.40
10.07 1.38
4.03 0.92
7.35 0.78
5.66 0.43
12.14 1.43
2.99 0.54
9.93 1.41
11.51 1.48
5.38 0.80
8.02 0.57
4.79 0.26
3.75 1.22
8.09 0.70
11.30 1.33
6.22 1.06
8.25 0.72
4.64 0.16
9.02 0.75
5.02 1.07
5.47 1.52
8.36 1.46
6.41 1.11
14.81 1.09
5.00 0.33
4.68 -0.06
9.26 1.30
3.17 -0.18
5.43 -0.12
6.41 0.40
5.38 0.42
9.93 0.95
7.03 0.64
4.55 1.20
4.59 1.21
10.04 0.74
7.75 0.80
3.19 1.46
15.97 0.74
5.00 0.65
5.12 -0.06
5.30 0.09
6.17 0.62
5.34 0.33
5.03 1.49
12.11 1.53
2.79 0.13
8.67 0.64
5.68 0.42
12.48 1.50
5.43 0.24
5.12 0.44
4.72 0.52
4.82 0.32
5.31 1.00
10.30 1.52
8.48 0.68
6.75 0.65
5.05 0.47
4.86 0.18
10.76 1.54
5.2 1.65
9.87 1.02
8.04 0.80
8.90 1.53
8.89 1.54
10.35 1.07
9.47 1.17
3.31 -0.11
4.36 -0.10
9.81 0.72
0.08 0.80
0.08 0.80
0.12 -0.03
7.44 0.73
10.16 1.50
10.78 0.47
5.48 1.65
9.43 0.48
4.54 1.27
13.44 1.62
4.71 0.63
3.60 -0.11
5.50 0.93
5.52 0.11
4.94 0.93
6.08 1.01
6.12 1.02
7.07 0.75
4.83 1.00
5.34 0.41
7.76 1.04
5.96 0.58
9.31 1.27
5.28 -0.03
9.46 1.04
14.29 1.63
10.66 0.52
13.19 1.16
4.71 -0.05
11.54 0.84
5.45 0.51
6.77 1.80
5.06 0.67
5.33 0.90
15.52 1.83
7.95 1.09
4.99 1.42
4.99 0.53
4.14 0.96
5.08 0.96
3.36 -0.17
1.64 -0.22
8.68 0.72
1.65 -0.13
5.07 1.40
15.56 0.00
13.04 0.91
7.69 0.46
11.91 1.48
6.83 0.36
12.48 1.64
13.25 0.95
12.80 1.60
12.9 0.5 
6.74 0.59
7.53 0.64
12.15 1.48
7.64 1.12
6.48 0.57
2.84 0.82
4.71 1.57
12.02 1.53
5.14 1.00
4.20 -0.14
12.19 1.60
8.7 0.8 
6.91 0.56
4.38 2.07
6.97 0.76
7.97 1.47
8.37 0.68
12.07 1.46
11.50 1.62
5.55 0.00
2.23 -0.22
6.29 0.21
8.82 0.91
6.15 0.01
3.87 1.14
2.58 0.21
11.45 1.56
5.36 0.05
11.81 1.59
3.54 -0.18
4.78 -0.25
7.73 0.83
4.59 -0.19
2.77 -0.24
8.80 0.92
16.43 0.38
5.26 0.24
8.80 1.40
7.67 0.66
5.54 0.22
4.09 0.95
3.00 -0.19
5.34 1.04
14.21 1.48
3.76 0.82
6.23 0.84
9.60 1.47
3.81 -0.24
5.31 0.46
4.80 0.13
14.85 1.88
7.44 0.60
9.33 1.13
7.33 0.78
4.86 -0.13
2.03 -0.21
5.19 1.13
2.64 -0.12
9.02 1.40
11.60 1.65
16.47 1.69
10.85 1.02
15.13 1.56
7.85 0.65
4.91 1.17
15.28 1.86
7.37 0.79
8.55 0.91
6.02 0.40
5.47 0.03
13.9 1.3 
7.36 0.83
12.79 1.55
11.84 0.56
3.60 0.47
8.50 0.87
7.21 0.54
5.95 0.78
5.72 0.04
14.54 1.78
6.20 0.95
4.52 0.94
3.55 0.10
14.14 1.46
5.27 0.23
4.86 1.01
2.06 -0.17
11.00 1.42
5.97 0.64
8.86 0.58
5.31 1.04
10.73 1.48
3.97 1.13
15.95 1.68
4.35 0.21
9.74 1.38
3.85 0.17
5.65 0.60
8.10 0.76
5.20 0.02
14.53 0.50
4.58 -0.02
3.81 0.99
10.81 1.48
4.78 1.38
3.12 1.16
8.70 0.69
4.51 1.10
9.70 1.32
15.92 -0.12
4.41 0.59
5.90 0.14
5.17 0.99
10.49 1.53
8.83 1.02
11.45 0.48
4.87 -0.15
0.50 1.85
10.71 1.17
5.11 -0.14
12.90 1.56
14.45 1.05
14.74 1.22
6.60 0.65
14.11 0.60
3.72 1.00
8.21 0.64
6.52 0.90
3.71 0.33
1.90 0.03
11.71 1.60
4.26 1.72
5.29 0.31
2.62 -0.08
4.65 1.05
5.22 0.01
5.03 0.19
14.45 1.91
11.33 1.68
10.06 1.24
4.53 1.22
10.67 1.26
6.10 0.97
3.96 1.14
6.24 0.42
8.60 0.63
8.28 1.14
4.12 0.16
8.49 0.56
14.54 0.65
9.75 1.25
9.32 0.62
13.67 1.65
11.04 1.26
4.16 0.82
4.63 0.28
8.71 0.64
6.12 0.60
5.36 0.25
9.42 0.88
13.54 0.83
4.93 0.24
5.65 -0.19
6.76 0.81
5.36 1.09
10.85 0.99
4.67 0.05
6.35 0.52
5.93 0.49
5.99 0.46
8.09 0.49
6.58 0.72
7.19 0.73
12.15 1.45
5.47 0.08
5.32 1.34
13.34 1.50
9.68 1.22
6.82 -0.18
7.43 0.77
11.55 1.46
12.26 1.41
5.50 -0.01
5.50 0.00
8.46 0.85
10.48 1.40
12.77 1.39
5.05 1.25
15.8 -0.1 
6.39 2.24
8.14 1.50
6.87 0.63
6.45 0.67
4.80 0.03
14.65 1.59
9.29 0.95
9.09 0.91
7.38 0.96
4.98 1.83
3.28 1.60
4.35 1.02
5.20 0.44
9.22 0.78
13.20 1.53
13.39 -0.17
9.10 0.80
3.98 1.32
9.37 1.07
5.65 0.50
11.35 1.46
4.48 0.01
5.04 0.42
5.01 1.62
15.04 1.55
5.39 0.10
8.80 0.72
5.71 0.61
6.83 0.46
6.07 0.56
4.37 1.00
5.14 1.30
5.09 0.72
8.64 0.93
5.36 0.43
7.27 0.24
9.94 1.18
15.69 1.66
13.06 1.70
6.43 0.59
4.90 1.60
16.37 0.55
10.16 4.25
3.02 -0.19
2.88 1.64
4.91 1.97
8.51 0.90
14.59 1.78
6.60 0.66
10.76 1.44
8.37 0.74
13.00 0.99
5.64 0.24
5.21 1.53
1.98 -0.23
4.44 0.18
3.85 0.88
13.06 1.76
5.22 1.24
5.98 1.22
5.87 0.56
6.76 0.94
9.49 0.55
7.88 0.70
6.67 0.68
-0.72 0.15
7.12 0.62
5.88 0.94
5.55 0.68
5.20 1.18
5.90 1.44
6.58 0.51
8.63 0.92
4.15 -0.13
6.07 0.53
4.60 -0.10
11.14 1.69
4.48 -0.17
7.79 0.65
5.73 1.47
9.32 1.01
6.59 0.33
6.24 0.38
6.20 1.16
10.75 1.35
5.23 0.15
7.72 0.79
5.38 0.97
10.07 0.85
10.19 0.45
5.15 1.27
5.27 0.41
4.50 0.00
5.22 1.09
11.41 1.37
5.94 0.89
5.24 1.00
10.59 1.48
5.45 0.50
6.54 0.71
5.29 2.61
6.89 0.65
7.14 0.57
5.42 1.44
14.22 1.65
4.54 -0.05
10.18 1.20
14.79 1.58
10.18 1.20
9.63 1.50
1.93 0.00
15.43 1.53
13.45 1.46
4.79 1.23
3.95 1.06
11.62 1.50
8.27 0.79
10.95 1.48
7.66 0.69
4.43 1.15
5.27 1.18
11.14 0.75
9.91 0.79
9.62 1.46
8.12 1.04
5.02 1.48
5.71 1.14
4.93 0.87
12.44 1.59
5.19 1.53
6.84 1.59
2.98 1.40
10.32 0.43
4.49 1.16
10.53 0.40
5.25 0.56
8.77 0.96
3.36 0.43
6.28 0.47
5.14 -0.17
-1.46 0.00
12.05 -0.09
6.45 0.54
8.52 0.69
8.58 1.24
5.32 0.07
6.15 0.07
5.92 0.48
10.37 1.11
4.77 1.40
13.34 1.35
15.68 0.32
13.77 1.66
9.80 0.77
4.47 1.11
5.12 -0.13
7.93 0.60
16.64 0.52
9.00 1.23
5.33 0.65
5.40 1.34
11.06 1.54
4.55 1.36
5.27 -0.02
5.77 0.39
3.60 0.10
9.74 0.90
5.14 0.45
3.27 0.21
6.59 1.06
4.40 0.92
12.47 1.60
9.87 1.57
4.35 0.85
13.69 1.71
10.92 1.25
4.65 0.30
5.73 0.57
10.55 1.24
5.45 0.18
9.12 1.12
4.07 1.43
6.04 0.71
3.87 1.73
14.93 1.32
4.90 0.03
9.72 1.36
7.12 0.56
4.68 0.37
7.42 0.69
4.37 -0.07
16.22 0.09
6.10 0.46
8.17 0.78
16.0 0.7 
10.26 0.79
5.46 0.36
9.05 0.57
14.83 1.93
5.07 1.63
6.23 0.46
9.15 1.16
11.96 1.53
8.00 0.99
7.43 0.59
16.67 0.96
10.84 1.67
10.16 1.02
6.94 0.46
13.30 1.84
7.65 0.53
5.18 0.94
15.27 0.88
6.71 0.90
5.93 0.60
11.97 1.07
3.47 1.73
10.49 1.27
8.38 1.08
5.13 1.39
7.46 0.14
6.81 0.80
8.22 0.74
10.22 1.32
5.55 0.91
11.30 1.54
5.17 1.40
8.66 1.17
5.20 0.20
5.54 0.64
4.93 0.13
9.84 1.29
5.44 1.03
11.47 1.72
7.09 0.70
10.54 1.17
8.86 0.96
14.57 1.69
10.71 1.08
12.21 1.43
6.43 0.89
9.55 0.50
4.90 1.45
4.41 1.26
4.92 1.03
5.47 1.67
9.94 1.35
5.45 0.29
6.43 0.49
4.15 -0.01
5.20 1.07
14.93 1.70
5.00 1.66
8.41 0.85
5.14 1.24
5.58 0.58
10.74 0.72
7.53 0.71
5.31 0.06
16.64 0.52
3.78 1.04
5.71 1.63
4.49 0.32
14.48 1.75
10.83 1.54
12.38 0.49
4.96 1.66
4.89 -0.02
15.47 1.73
5.10 1.56
12.80 1.56
5.05 0.08
8.96 0.62
7.74 0.62
12.80 1.56
5.46 0.08
10.08 1.14
9.10 1.25
3.58 0.11
4.79 1.71
6.80 0.49
4.64 1.60
9.09 0.66
7.65 0.61
12.10 1.44
9.17 1.40
2.70 1.62
3.53 0.34
6.68 0.99
7.15 0.99
5.28 0.96
5.70 0.35
5.25 0.01
5.13 1.08
11.92 1.28
10.53 1.59
10.84 1.41
5.10 1.52
7.15 0.51
13.34 1.50
10.03 1.07
3.98 0.79
5.19 1.23
8.72 0.76
5.03 0.90
15.07 1.37
9.16 0.82
6.05 0.42
4.64 -0.02
5.30 0.10
5.38 1.53
5.64 1.11
5.78 0.42
6.54 0.46
11.03 1.17
11.20 1.49
7.37 0.92
2.90 -0.09
10.79 1.59
5.22 0.39
9.82 1.56
10.18 0.92
5.36 0.45
7.74 0.94
4.18 0.32
4.32 1.43
5.25 0.22
5.05 0.11
7.03 0.48
13.56 1.71
5.01 1.11
11.48 1.42
5.10 1.06
4.54 1.28
8.51 0.51
6.05 0.47
6.74 0.70
10.48 1.48
10.49 1.55
8.98 1.10
5.82 1.18
3.25 1.51
10.81 1.07
11.02 1.38
4.65 0.93
5.25 0.22
11.09 0.77
16.46 1.60
5.25 0.05
1.58 0.03
1.98 0.03
13.08 1.47
11.93 1.47
8.87 0.70
4.06 1.54
4.45 0.51
11.09 0.65
5.83 0.44
14.16 0.11
13.67 1.10
7.16 0.57
10.47 0.61
5.91 0.60
10.18 0.88
13.10 1.33
13.85 1.48
11.26 1.33
5.13 0.44
4.90 0.40
11.81 1.47
4.94 1.40
13.09 1.69
5.05 1.56
9.61 1.44
5.56 1.01
0.38 0.42
9.73 1.19
4.99 0.08
9.25 0.82
6.02 -0.04
7.20 0.96
4.94 1.56
13.04 0.24
8.25 0.48
5.56 1.64
5.27 0.00
3.93 1.02
8.66 0.64
7.09 0.67
5.31 1.54
6.77 0.54
3.57 0.93
8.64 0.34
1.14 1.00
11.20 1.59
7.68 0.60
4.59 1.63
6.56 0.73
3.96 0.18
10.20 1.37
5.06 0.78
4.88 1.45
5.17 1.10
8.89 1.10
5.30 0.01
5.14 1.60
5.04 0.33
6.64 0.52
3.61 1.73
12.06 1.41
5.37 0.60
11.42 1.51
11.50 1.41
11.87 1.12
3.95 1.04
7.93 0.54
5.33 0.76
7.54 0.65
16.69 1.12
7.39 0.76
3.34 1.24
4.71 1.06
8.10 0.75
5.14 -0.12
14.75 1.82
9.76 0.80
13.26 1.68
5.17 0.60
5.72 0.57
8.34 0.61
7.50 0.68
15.08 0.08
5.41 1.42
10.06 1.22
5.01 0.44
5.06 0.43
3.73 1.04
16.07 0.26
5.42 -0.06
7.78 0.95
4.49 -0.19
5.43 1.16
7.44 0.73
5.35 -0.04
12.04 1.63
7.54 0.69
9.36 0.84
6.35 0.50
7.99 0.63
11.15 0.74
4.20 0.72
14.09 0.66
5.63 1.30
8.06 1.04
5.29 0.92
8.17 0.82
7.69 0.81
4.79 0.15
8.42 1.05
3.47 -0.18
7.00 0.71
6.49 0.62
10.30 1.28
4.93 1.21
5.17 1.27
10.07 0.50
7.95 0.74
7.00 0.98
4.61 0.08
11.35 1.49
8.50 0.56
5.24 0.39
17.93 1.68
4.68 1.49
9.66 1.32
8.28 0.60
10.16 1.10
15.12 1.79
4.39 1.25
8.20 0.62
9.83 1.27
4.94 1.12
6.33 0.62
9.29 0.79
7.78 0.85
15.56 0.06
10.14 1.35
7.53 0.66
5.12 0.01
6.57 0.58
5.31 1.91
10.25 1.22
5.30 0.63
5.53 1.34
10.03 1.33
5.32 1.04
6.81 0.60
2.81 0.43
6.61 0.53
6.73 0.96
5.73 0.81
6.81 0.69
9.62 0.60
5.54 0.49
1.78 -0.22
5.44 0.54
12.83 1.77
4.72 0.95
5.36 0.89
4.76 0.43
8.78 0.91
11.77 1.50
7.93 0.90
7.50 0.75
4.75 0.18
12.10 1.60
9.38 1.42
14.34 1.57
8.50 0.60
4.99 1.07
8.38 0.84
8.19 0.62
9.39 0.82
6.75 0.61
6.35 1.06
13.28 1.46
4.44 1.17
5.51 1.61
6.70 0.28
10.10 1.53
7.13 1.56
3.52 1.48
10.29 1.10
9.76 0.48
8.83 1.14
7.73 0.39
7.69 0.58
14.98 1.65
7.45 0.86
13.12 1.52
5.98 0.76
5.16 0.09
5.27 0.08
5.14 0.47
6.40 0.98
9.75 1.71
4.45 0.22
9.85 1.26
4.25 1.55
15.67 2.09
5.51 0.11
8.91 0.88
5.07 1.15
4.83 1.45
9.54 1.18
5.95 0.17
7.17 0.71
10.04 1.07
8.66 0.61
9.75 1.06
7.05 0.60
5.61 0.46
10.37 1.07
6.14 0.41
12.92 1.57
5.13 0.94
6.32 0.62
8.67 1.26
3.90 -0.02
15.82 -0.40
5.28 1.48
4.07 0.39
10.87 1.42
5.50 1.60
10.31 1.39
5.59 0.22
7.81 0.67
3.36 0.84
10.75 1.55
13.08 1.48
12.73 1.22
5.29 0.01
7.31 1.16
4.35 1.16
14.81 2.06
9.43 1.08
15.73 0.29
7.43 0.63
11.92 0.92
3.77 1.13
5.09 0.25
12.41 1.06
5.47 0.18
11.67 1.57
5.90 1.11
6.24 0.36
5.33 1.25
5.42 -0.06
9.50 0.77
6.36 1.02
10.34 1.11
9.26 1.41
6.15 1.02
8.78 0.92
6.19 0.27
6.38 0.79
10.80 1.21
12.73 1.62
7.17 0.76
5.64 0.62
5.99 0.52
4.60 1.17
5.01 1.33
14.68 1.68
8.70 0.33
7.80 0.22
7.56 0.62
4.16 0.00
8.10 0.21
6.77 0.65
4.86 1.00
8.04 0.68
15.05 1.93
9.80 0.66
4.44 1.21
5.27 -0.04
8.96 0.74
7.73 0.22
6.66 0.25
9.32 1.08
9.66 1.12
5.37 0.99
4.14 0.11
7.64 0.83
7.24 0.60
5.05 0.73
17.68 2.02
9.87 1.40
4.98 1.42
6.33 1.57
5.47 1.02
4.89 0.90
9.67 0.44
3.97 0.94
14.11 1.63
11.98 1.52
13.64 1.60
4.88 1.06
9.62 1.40
9.70 1.41
3.84 0.71
4.66 0.02
11.90 0.25
8.58 0.94
8.12 0.90
5.20 0.01
4.62 0.84
3.94 1.08
8.74 0.97
6.13 0.94
6.56 0.93
4.02 1.01
4.07 0.87
7.21 0.74
6.56 0.55
3.38 0.68
4.32 0.90
1.96 0.04
2.02 0.04
5.29 0.04
3.91 0.00
9.28 1.34
10.42 1.28
4.36 -0.04
6.36 0.58
14.71 1.70
11.32 0.74
5.15 0.98
9.77 1.36
9.17 0.74
10.17 0.63
5.21 0.87
5.48 0.06
8.05 1.39
8.70 1.39
11.54 1.48
4.01 1.27
4.93 0.05
6.23 1.62
5.95 0.87
6.57 0.64
9.31 1.13
8.66 0.70
9.13 0.76
9.60 0.46
8.42 1.12
6.72 0.67
6.72 0.67
12.52 1.61
5.35 0.42
10.06 1.12
6.00 0.67
14.32 1.70
6.64 3.36
9.99 1.38
3.11 1.00
8.65 1.00
5.45 0.12
8.44 0.65
4.89 0.11
10.60 1.53
3.14 0.19
6.85 0.62
14.81 1.66
14.06 1.84
8.00 0.76
9.26 1.11
4.25 0.14
15.18 0.01
4.76 1.53
13.32 1.72
10.38 1.28
14.12 1.70
5.86 0.53
9.67 0.48
10.67 0.41
3.97 0.44
9.36 0.80
12.34 1.45
5.18 0.25
8.71 1.30
11.92 1.54
7.54 1.15
12.33 1.46
4.45 0.65
3.60 0.00
5.45 -0.04
5.16 0.42
7.28 0.51
10.59 1.25
5.14 1.51
14.77 1.65
10.17 1.26
4.56 1.04
4.97 1.22
3.75 1.20
4.00 0.14
7.44 0.58
4.80 0.49
4.84 0.49
9.51 1.42
5.24 -0.11
17.46 1.79
5.98 0.66
8.24 0.67
7.31 0.66
10.70 1.14
14.53 1.82
10.26 1.24
9.93 1.41
4.58 1.59
7.32 0.61
7.15 0.61
6.77 0.57
2.21 1.66
10.94 1.44
4.48 0.61
5.96 0.18
10.52 1.10
12.29 1.56
10.12 1.38
10.67 1.38
5.13 0.58
6.51 0.73
9.78 0.78
7.61 1.39
10.47 1.08
9.00 0.68
13.85 0.34
4.83 0.19
3.88 -0.06
8.04 1.02
8.03 0.57
15.37 0.21
15.11 1.85
5.25 -0.14
7.05 0.29
5.27 0.99
6.71 0.41
5.24 1.17
4.94 1.11
4.62 0.45
7.74 0.74
7.21 0.98
7.86 1.00
1.68 0.00
3.82 0.06
5.12 1.67
5.33 1.17
14.50 1.70
6.64 0.47
4.34 1.63
6.13 0.42
9.30 1.23
8.16 0.87
15.60 1.86
2.25 0.18
3.13 1.55
4.79 0.93
9.54 1.18
4.80 0.93
13.33 1.60
9.09 1.16
5.39 0.42
6.13 0.42
7.64 0.99
9.03 1.19
4.72 1.63
15.50 0.17
8.86 0.80
4.81 0.94
4.69 0.92
2.50 -0.18
9.52 1.45
13.43 1.61
6.29 0.97
10.10 0.96
12.66 1.20
6.26 1.57
1.98 1.44
4.69 1.14
5.38 0.64
5.80 0.65
4.29 1.48
5.41 0.60
3.67 0.33
11.14 0.40
10.52 1.43
12.10 1.53
4.60 0.46
14.76 0.12
7.20 1.00
7.06 0.62
8.12 0.49
9.86 1.17
11.03 1.32
4.51 1.44
11.71 1.59
4.56 0.77
10.19 1.50
12.18 1.46
4.31 1.54
5.47 1.08
3.17 0.46
10.06 1.54
10.81 1.53
4.97 1.05
3.60 0.36
4.12 0.36
4.57 0.10
7.01 0.77
8.65 0.65
8.53 0.88
10.10 0.48
7.82 0.92
15.91 0.23
4.50 0.01
3.13 1.55
5.35 0.90
5.01 1.02
5.41 0.77
6.36 0.01
10.92 1.58
9.44 1.26
5.00 1.05
8.41 0.58
8.84 0.58
8.84 0.58
4.68 1.32
4.35 0.17
6.99 0.59
5.50 1.00
10.57 1.50
10.51 1.07
11.22 1.52
3.91 1.32
12.50 1.53
14.20 1.77
10.50 0.38
5.62 0.95
10.40 1.25
3.52 0.49
3.52 0.49
10.72 1.51
6.24 1.25
10.60 1.40
12.35 1.70
12.35 1.70
8.12 1.15
5.32 0.20
4.94 0.53
16.49 0.47
8.26 0.56
9.30 0.53
17.33 0.23
4.79 0.51
5.45 0.51
2.98 0.80
13.30 0.07
10.11 1.53
9.45 0.72
9.68 0.67
6.45 0.43
10.97 1.36
5.09 0.62
6.02 1.30
3.69 1.22
10.91 0.42
8.31 0.38
15.20 0.13
3.80 0.29
7.63 0.60
3.01 0.28
4.59 0.03
7.93 0.90
5.32 0.23
10.05 1.48
15.20 1.57
5.45 0.89
4.12 0.92
8.88 1.23
6.02 -0.04
3.88 1.22
7.64 1.18
10.58 1.40
5.05 0.04
16.79 1.79
4.58 1.20
10.54 1.52
6.30 0.62
9.00 1.43
5.27 0.07
4.88 1.23
4.94 1.57
5.93 0.89
8.16 0.52
5.85 1.13
7.71 0.59
9.05 0.97
7.60 0.56
5.14 0.46
9.01 0.96
15.07 0.24
13.31 1.49
14.80 1.65
5.26 -0.04
10.84 1.35
9.26 0.51
8.46 1.02
5.23 0.31
11.27 1.55
7.97 0.73
4.70 1.60
11.87 1.42
5.36 0.66
11.67 0.97
7.68 1.89
10.07 1.37
9.04 1.07
11.43 1.49
6.80 0.52
13.19 1.55
14.33 1.75
4.48 0.18
9.48 1.40
10.18 1.40
9.95 1.38
5.08 0.88
5.08 0.88
7.61 1.54
4.49 -0.04
1.35 -0.11
13.47 1.66
7.28 0.61
6.65 0.53
8.23 0.87
6.13 0.60
6.15 0.60
5.31 0.36
6.61 1.37
8.42 0.76
8.08 0.60
3.61 1.01
8.43 0.63
10.64 1.57
9.27 1.48
9.96 1.44
9.53 1.10
9.94 0.91
13.60 1.70
10.20 1.36
7.21 0.49
7.76 0.60
6.38 0.59
8.19 0.80
10.16 1.25
16.04 0.40
6.66 0.32
3.85 0.05
6.57 0.15
5.16 0.21
5.97 0.67
15.37 0.26
3.45 0.03
3.44 0.31
14.70 1.45
5.82 0.50
11.06 1.47
5.24 0.31
6.65 0.66
10.01 0.43
3.40 1.54
10.22 0.34
9.40 1.54
4.79 0.45
8.67 0.74
2.61 1.15
10.39 -0.02
10.51 1.32
9.40 1.08
7.18 0.55
14.71 0.36
5.76 0.54
10.58 0.85
3.05 1.59
9.39 0.73
7.86 0.76
4.97 -0.06
8.22 0.92
7.28 0.65
4.83 1.12
6.54 0.46
10.52 1.44
5.26 0.37
5.33 0.25
10.00 1.24
7.09 0.68
15.39 1.74
10.17 1.45
18.06 0.84
7.30 0.82
11.19 0.94
3.81 1.48
9.76 0.95
8.41 0.62
6.44 0.60
4.21 0.90
13.24 1.68
4.00 0.35
4.25 1.45
7.86 0.80
11.48 1.42
9.64 1.52
8.72 1.33
8.87 0.83
4.84 0.52
3.82 0.31
8.77 1.15
9.65 1.38
9.40 0.75
8.86 1.33
5.29 1.86
15.49 1.65
4.84 0.96
4.75 0.23
3.85 -0.14
4.89 0.50
4.74 0.04
11.93 1.55
11.12 0.90
5.16 0.34
5.02 1.04
12.97 -0.15
5.08 1.60
9.42 0.91
5.08 0.94
12.39 0.93
9.09 0.61
12.61 1.56
8.03 0.86
5.70 0.52
4.45 1.62
7.03 0.62
4.89 1.62
5.08 1.18
4.71 0.81
3.84 0.30
5.85 0.57
9.97 -0.18
4.91 0.92
11.12 -0.30
4.11 1.58
7.51 0.44
11.30 1.53
4.66 1.48
5.12 1.20
4.28 1.04
5.00 1.38
8.30 0.58
12.97 1.68
6.26 0.88
16.52 0.31
11.00 1.37
5.18 0.33
5.08 0.04
7.32 0.55
17.73 0.09
9.23 1.41
9.30 1.41
4.57 1.71
13.83 1.57
13.87 1.81
11.03 1.44
10.13 1.22
10.22 0.50
6.71 1.03
9.20 0.90
15.60 2.10
6.15 1.15
5.34 0.03
12.99 1.67
12.58 0.60
3.11 1.25
13.07 1.52
7.53 0.62
11.63 1.66
8.23 0.47
12.67 1.64
5.93 0.99
9.68 1.09
10.20 0.90
10.67 1.29
5.10 1.36
9.80 1.06
3.83 1.04
4.71 -0.05
7.08 0.64
5.24 0.47
8.09 0.52
12.73 1.57
3.78 0.95
8.35 0.60
12.72 1.53
10.08 1.09
6.03 1.13
5.91 0.42
8.40 0.73
10.28 1.40
7.34 0.92
9.72 0.82
13.46 2.03
4.60 1.03
8.41 0.57
10.53 1.37
14.33 0.32
15.36 1.75
5.05 0.61
6.00 1.59
10.84 0.86
6.02 0.57
10.04 1.54
4.08 1.09
9.62 0.88
4.84 1.16
4.99 0.16
4.39 0.11
2.37 -0.02
7.66 0.94
14.05 1.73
11.01 0.63
11.51 1.48
4.74 1.62
4.42 0.05
11.87 0.61
9.60 1.48
1.79 1.07
7.48 1.51
15.44 1.04
6.75 0.35
7.64 0.76
7.64 0.77
7.64 0.58
4.63 0.33
8.74 1.54
4.94 0.36
5.63 0.37
13.79 -0.02
5.52 0.97
10.57 1.18
4.61 1.03
12.56 1.52
6.54 0.60
9.77 1.12
9.33 1.25
5.44 0.07
5.13 0.22
10.13 0.91
10.45 1.55
13.21 1.48
9.74 0.78
8.23 0.70
8.33 1.34
17.78 0.87
11.41 0.72
9.22 1.08
14.81 1.55
9.05 1.21
4.48 0.03
7.06 0.77
9.75 0.43
10.24 1.46
8.59 0.62
8.11 0.61
4.60 0.55
7.68 1.06
5.42 -0.03
6.91 1.30
2.56 0.12
3.34 -0.01
4.63 1.66
9.07 0.60
11.22 1.41
13.10 1.42
6.50 0.43
6.50 0.43
9.96 1.31
7.46 0.50
12.77 1.52
4.47 0.21
11.66 1.49
5.18 1.52
9.78 1.17
6.85 0.51
4.32 0.59
4.33 0.59
3.48 1.40
15.40 0.05
7.30 0.74
8.30 0.54
4.78 0.12
3.56 1.12
9.31 1.41
8.74 1.36
13.57 1.64
7.94 0.89
8.03 0.89
9.64 0.58
15.14 1.84
5.09 0.42
5.00 1.46
3.94 0.41
11.18 1.48
12.15 1.48
12.63 1.51
14.23 0.31
10.33 1.36
4.08 0.21
7.22 1.26
7.50 1.22
5.22 0.99
5.17 0.50
6.50 0.79
10.65 1.40
4.95 1.00
12.36 1.47
10.23 1.21
5.31 0.01
12.56 1.60
10.15 0.72
6.15 0.24
7.38 0.41
4.77 1.54
5.52 1.05
6.95 0.47
3.84 1.62
10.02 1.33
11.53 0.65
8.33 1.06
10.30 1.48
6.20 0.57
5.48 0.50
11.59 1.48
5.13 1.08
5.15 0.49
14.8 1.6 
5.04 1.58
5.39 0.12
5.77 0.46
8.16 0.73
16.39 0.01
5.98 0.81
11.17 1.53
5.20 1.01
5.50 1.04
5.71 1.66
15.91 1.05
9.85 1.48
7.77 0.28
13.62 1.31
5.25 0.25
10.03 1.35
9.20 0.42
7.58 0.49
12.50 -0.06
4.30 1.00
8.87 0.80
5.15 1.12
8.03 0.76
10.78 1.31
5.15 -0.02
6.44 0.56
8.26 0.96
12.18 1.45
5.17 0.80
5.33 0.72
6.44 0.66
7.77 1.06
4.94 1.15
5.73 0.43
11.87 1.52
9.60 1.25
5.22 1.48
10.68 1.52
9.21 0.87
10.36 1.53
11.14 1.17
8.21 0.91
5.03 0.80
13.91 1.43
4.73 0.97
4.85 0.18
9.36 0.78
11.44 0.13
9.02 1.17
13.65 0.05
4.03 1.51
3.71 1.18
10.79 1.59
9.90 0.55
8.75 0.73
11.67 1.47
4.91 0.66
4.11 0.90
9.03 1.13
10.62 0.85
6.48 0.68
5.41 1.67
11.11 1.77
4.53 0.55
5.32 0.02
4.72 1.54
5.88 0.29
5.98 0.29
5.11 1.60
2.14 0.09
4.97 1.40
15.51 1.44
3.61 0.55
13.26 1.84
9.73 1.52
4.46 1.30
9.64 0.78
5.85 0.56
8.44 0.88
6.45 0.75
7.59 1.04
12.32 0.92
8.41 0.65
11.89 1.54
6.80 0.56
2.44 0.00
7.58 0.46
17.89 1.72
12.74 1.73
6.46 0.52
10.97 0.92
5.30 0.88
7.60 0.68
6.70 0.64
11.50 1.44
5.18 -0.02
15.63 0.23
11.86 1.45
6.97 1.16
8.94 0.80
15.33 1.57
5.37 0.00
5.55 0.77
4.66 0.13
10.95 1.10
5.59 1.01
6.91 0.59
5.21 0.26
9.22 0.70
12.83 1.76
6.64 0.86
14.02 1.56
4.33 0.27
6.52 0.51
5.15 0.41
10.76 1.29
9.22 0.58
5.35 -0.01
5.04 1.49
10.56 1.15
4.12 0.98
8.19 0.75
7.80 0.65
5.80 1.01
4.15 0.34
9.99 0.41
5.18 1.30
2.60 -0.12
11.30 1.38
4.02 0.32
11.00 1.30
6.56 0.66
13.26 1.47
7.47 0.79
5.95 1.12
8.45 1.14
5.72 0.35
3.00 1.33
8.68 0.56
11.13 0.42
5.46 0.06
9.32 0.89
3.96 -0.15
8.03 0.88
15.79 0.58
10.18 0.47
10.04 1.28
9.96 1.00
9.86 1.42
7.43 0.71
5.14 0.33
7.92 0.79
7.57 0.68
11.96 1.45
5.85 0.27
7.36 0.64
5.31 1.43
5.62 1.52
6.53 0.25
13.42 1.59
7.46 0.72
7.48 0.65
2.80 -0.23
7.35 0.82
7.97 0.82
6.11 0.46
6.26 1.01
5.71 1.19
8.94 0.67
3.31 0.08
9.70 1.23
5.10 0.06
4.95 0.97
5.00 1.14
9.18 1.50
13.28 1.62
4.11 1.58
6.82 0.58
15.12 1.58
9.94 0.16
11.50 1.44
7.66 0.84
5.00 1.59
6.33 0.43
13.79 1.83
7.07 0.62
5.38 -0.02
10.62 1.42
6.33 0.50
3.89 0.02
6.15 0.30
5.14 1.05
3.59 1.42
5.15 0.19
9.45 1.36
11.38 1.34
6.40 0.60
4.81 0.49
10.92 1.43
6.36 0.89
8.00 0.73
11.58 1.45
10.39 1.45
4.80 0.87
5.18 0.08
8.76 0.73
11.29 1.60
8.14 0.66
8.02 0.56
6.03 1.10
9.72 0.60
8.74 0.90
9.66 0.44
10.72 1.15
5.02 0.96
1.33 -0.24
4.95 0.27
6.26 0.68
4.36 1.13
5.00 0.08
5.50 1.45
6.24 1.06
9.30 0.57
13.72 1.59
13.68 1.59
8.30 0.72
6.15 0.92
9.45 0.98
15.70 1.73
5.29 -0.05
11.97 1.60
12.5 1.2 
9.06 0.79
14.19 1.54
9.03 0.70
2.95 -0.05
6.35 0.56
5.35 0.20
6.21 0.51
9.13 1.02
4.95 1.62
9.82 1.15
5.48 0.63
9.70 1.45
4.31 0.38
16.55 1.43
15.72 -0.04
7.13 0.85
12.44 1.84
13.04 1.83
5.48 -0.03
5.42 1.00
9.05 1.12
6.24 1.05
4.26 0.59
2.65 0.89
3.87 -0.13
5.77 0.70
8.91 0.72
4.81 0.00
16.62 1.66
5.02 1.15
5.13 0.22
11.10 1.48
11.13 1.24
9.10 0.60
13.1 1.6 
3.86 0.05
5.45 0.32
10.82 1.53
5.71 1.60
13.96 0.18
7.08 1.44
9.02 1.19
13.52 1.60
11.51 1.50
6.96 0.59
4.66 1.23
12.24 1.75
7.87 0.61
2.17 -0.01
2.87 -0.03
7.96 1.12
3.48 0.36
5.59 0.00
11.85 -0.33
4.66 1.09
8.28 1.06
9.87 1.08
15.69 1.59
7.35 0.59
12.31 1.58
9.12 0.73
9.25 0.63
7.52 0.67
15.01 1.57
7.04 0.94
4.69 1.05
5.95 0.55
4.99 2.54
7.75 0.41
7.23 -0.11
5.22 0.33
8.06 0.65
5.67 0.99
6.87 0.70
1.25 -0.23
15.86 0.20
9.84 1.29
11.34 1.58
11.32 1.36
5.43 1.56
6.31 0.70
5.85 0.46
13.07 1.56
8.16 0.69
10.67 1.27
7.61 0.61
10.88 1.64
4.91 -0.04
8.49 1.40
17.82 1.50
10.08 0.97
7.97 0.80
8.48 0.62
4.94 0.67
4.33 1.37
8.37 0.54
4.27 0.21
9.42 1.08
6.11 0.50
4.90 0.90
4.90 0.90
4.79 1.60
5.89 0.64
1.77 -0.02
10.42 1.18
3.38 1.58
2.90 -0.12
14.40 1.74
13.87 1.30
5.24 0.28
9.11 1.14
10.68 1.44
7.56 0.79
14.60 1.54
15.39 0.25
15.79 0.64
8.08 0.67
9.78 1.20
13.18 1.45
3.62 1.18
14.32 1.52
4.90 1.17
16.08 1.47
13.37 1.75
6.20 0.42
9.75 1.47
5.32 1.29
8.05 0.53
9.02 0.74
4.93 0.36
12.82 0.72
2.83 0.94
10.83 1.02
4.85 0.02
6.00 0.41
14.93 1.56
15.56 1.73
9.66 0.71
9.06 1.37
8.44 0.84
5.25 -0.08
9.43 1.29
5.99 0.39
5.60 1.59
15.25 1.50
4.80 1.48
5.19 1.14
9.39 0.82
9.70 0.68
8.35 0.94
4.95 1.05
15.03 1.65
6.80 0.67
8.57 0.61
7.36 0.73
4.38 -0.01
14.16 1.73
4.98 0.45
5.05 0.45
5.25 1.05
8.16 0.58
8.74 0.62
4.85 0.70
5.04 0.46
8.88 0.92
4.26 0.57
6.69 0.62
17.05 1.40
4.92 0.48
9.34 0.58
5.33 0.87
4.92 1.06
8.34 0.64
12.85 0.91
7.97 1.17
6.83 0.60
6.98 1.14
7.04 0.69
6.54 1.14
4.87 1.50
5.22 1.03
5.10 0.96
16.01 0.77
8.18 0.70
12.68 -0.12
10.11 0.75
5.22 0.59
13.25 1.64
6.52 0.94
4.80 1.67
4.73 0.30
4.74 0.71
11.24 1.41
3.00 0.92
10.30 0.80
10.83 1.00
5.15 -0.07
6.75 0.52
9.48 1.48
10.59 1.51
2.75 0.04
8.55 1.48
8.58 0.95
8.83 0.46
10.60 1.45
5.05 1.11
5.37 0.99
12.94 1.58
11.79 1.40
5.31 0.40
7.28 0.50
8.87 1.34
9.52 1.33
2.27 0.02
0.98 -0.23
0.98 -0.23
11.02 1.53
5.09 1.20
4.01 0.16
8.72 0.89
8.80 0.92
4.76 1.09
10.20 1.21
6.50 0.74
7.20 0.58
7.44 0.64
11.32 1.52
5.06 0.07
4.98 0.71
16.70 0.42
12.14 1.47
6.48 0.48
5.40 -0.01
9.04 1.50
14.18 1.66
12.31 0.09
3.88 1.17
14.74 1.79
10.50 0.64
16.04 0.72
7.36 0.78
7.25 0.70
4.69 1.62
6.08 1.05
11.11 1.44
5.21 0.96
12.92 1.24
7.57 0.64
11.39 1.53
12.01 1.53
6.78 0.20
7.98 1.00
7.29 0.67
9.30 1.00
4.94 0.03
7.41 0.92
7.41 0.92
9.97 1.38
3.37 0.11
9.31 1.21
5.60 -0.03
4.98 0.40
4.70 0.12
6.91 0.45
15.06 1.46
10.27 1.29
8.56 0.61
5.78 0.22
8.13 0.08
14.63 0.96
14.00 0.01
6.97 0.63
10.02 1.09
9.30 0.64
4.82 0.23
9.06 1.40
10.36 1.29
7.78 0.67
6.80 0.6 
14.19 1.55
5.57 0.33
11.46 0.37
9.60 1.39
10.23 1.42
5.46 0.10
15.30 1.73
12.79 -0.09
6.32 0.54
5.01 1.63
15.83 1.75
9.74 1.30
4.66 1.64
6.16 0.42
5.36 1.11
11.97 1.64
12.51 1.52
6.96 0.64
9.59 1.30
10.53 1.34
4.23 0.38
9.83 1.42
4.65 0.96
13.66 1.51
8.46 1.44
13.10 1.59
5.15 -0.02
5.45 1.36
6.50 0.47
8.54 0.64
5.87 0.21
6.33 0.63
5.91 1.01
10.26 1.02
4.50 0.48
15.08 0.41
6.53 0.57
6.58 0.55
8.77 0.92
15.33 1.96
1.86 -0.19
8.34 0.74
4.19 1.50
9.43 0.66
4.97 1.06
7.98 0.21
7.04 1.12
7.61 1.12
8.17 1.26
4.07 1.52
7.97 0.67
6.45 0.69
7.16 0.52
7.38 0.90
5.87 1.62
4.74 1.66
10.83 0.75
9.04 0.61
8.90 1.33
6.40 1.17
4.65 1.58
9.66 0.90
5.15 1.08
6.19 0.53
9.80 1.40
2.68 0.58
11.83 1.50
5.83 1.14
5.70 -0.05
4.71 1.11
6.32 0.37
5.01 1.42
10.22 0.88
8.17 0.68
12.26 1.66
7.55 0.66
8.47 0.77
5.76 -0.03
10.61 1.45
5.77 0.48
9.03 1.16
10.06 0.38
4.34 0.60
9.70 1.46
10.32 1.32
4.26 0.10
11.56 0.74
0.61 -0.23
11.25 1.45
12.15 1.70
6.18 0.48
6.18 0.48
6.20 0.90
9.16 1.50
9.85 1.48
6.30 0.74
7.58 0.45
6.02 0.58
3.27 1.12
2.06 1.01
8.62 0.92
10.30 1.18
8.36 0.83
3.65 -0.05
9.50 0.95
14.54 1.70
9.68 0.78
15.35 1.50
4.75 0.94
11.81 1.50
11.07 1.15
5.27 1.59
8.30 0.68
8.00 0.65
5.25 1.65
4.91 1.72
4.83 0.54
13.97 -0.01
7.94 0.86
5.56 1.44
10.47 1.21
5.08 1.16
12.96 1.63
5.01 -0.12
4.19 1.33
11.59 1.60
5.91 0.47
10.08 0.86
6.36 0.60
4.82 1.36
5.54 0.54
14.19 1.56
8.04 1.08
4.54 0.20
5.24 1.58
10.35 1.43
8.54 0.81
7.05 0.54
6.24 1.04
14.30 1.72
4.08 0.52
-0.04 1.23
11.85 1.47
6.66 1.03
5.23 0.29
4.75 0.20
4.18 0.08
13.13 1.70
9.52 0.88
5.87 0.50
9.10 1.30
4.52 0.13
4.81 1.06
13.38 1.64
4.77 0.31
5.14 1.02
7.58 0.84
5.41 0.38
4.05 -0.03
12.87 1.60
9.02 1.10
4.92 0.86
15.36 0.33
7.25 0.60
4.77 1.31
15.47 1.47
8.55 1.26
7.76 0.66
6.27 0.63
12.15 1.28
5.12 -0.02
13.75 1.53
5.32 0.96
5.10 0.12
6.19 1.20
4.35 0.43
4.35 0.43
14.34 0.13
12.24 1.61
7.82 0.70
9.74 1.44
4.05 0.50
5.39 0.23
12.71 0.95
9.28 0.59
8.93 0.69
11.10 1.88
10.35 1.44
13.96 1.65
4.81 0.70
10.92 1.26
10.13 1.20
11.63 1.51
15.04 -0.07
10.68 1.47
16.99 2.22
5.59 0.85
9.45 1.40
11.94 1.61
6.35 0.70
8.88 0.77
8.00 0.72
8.38 0.71
15.68 1.87
8.69 1.03
9.69 1.21
3.58 1.30
10.64 1.23
4.25 1.44
14.08 1.41
6.01 0.22
3.03 0.19
10.54 1.25
8.82 0.91
11.31 1.64
6.04 0.50
14.41 1.65
5.55 1.48
7.23 0.99
4.46 0.36
14.83 1.43
15.04 1.65
5.41 1.01
5.41 1.01
9.58 1.28
6.48 0.49
16.09 -0.03
7.73 0.72
6.20 0.46
6.07 0.51
11.33 1.42
6.39 0.44
-0.01 0.71
7.38 0.68
5.91 1.10
3.19 0.24
5.39 0.00
3.83 1.43
6.65 0.92
11.73 1.20
6.26 1.30
4.52 0.05
4.86 1.00
7.54 0.61
5.56 0.94
16.67 1.54
5.36 0.29
4.05 1.35
3.88 0.38
9.12 1.29
10.46 0.70
8.39 0.95
9.66 0.74
4.92 0.01
4.81 1.66
8.48 0.70
6.25 0.41
9.91 1.20
5.21 0.98
10.15 0.81
4.94 0.35
5.10 0.30
2.70 0.97
4.60 0.98
9.20 0.56
3.72 -0.01
12.09 1.53
7.34 0.45
7.34 0.45
9.25 1.27
5.24 0.94
7.79 0.90
13.28 1.63
5.31 0.07
11.72 1.48
9.70 1.31
4.41 1.40
14.17 1.31
15.15 1.68
6.16 0.36
7.14 0.42
5.15 0.41
2.75 0.15
9.08 0.96
6.98 0.58
7.6 0.58
5.85 0.56
4.94 0.98
15.46 0.04
7.83 1.00
9.59 0.65
5.69 0.47
8.16 0.70
5.48 1.02
5.34 1.45
6.29 0.60
4.55 0.76
9.72 0.90
8.29 0.62
5.20 1.16
5.30 1.32
15.29 1.82
15.31 1.87
6.01 0.83
8.65 0.96
11.66 1.61
5.32 0.04
10.20 1.48
14.67 1.61
12.35 1.55
17.05 1.34
2.08 1.47
6.35 0.71
5.74 1.11
4.49 0.32
10.87 1.07
7.78 0.78
5.53 1.13
14.73 1.68
10.15 1.31
5.63 0.50
6.58 0.48
11.13 1.33
6.09 0.50
15.59 0.27
8.52 0.58
15.52 1.95
9.48 1.40
4.92 0.00
4.92 0.00
10.54 1.30
9.06 1.09
4.60 1.59
9.87 1.20
5.17 0.93
10.01 1.16
9.13 1.04
7.77 0.61
5.64 0.68
9.13 1.43
4.81 1.50
9.75 0.58
4.40 1.04
3.50 0.97
3.29 1.70
12.10 1.46
5.15 1.01
13.18 0.67
8.28 0.94
14.18 1.42
14.43 1.44
9.84 1.29
12.75 1.53
4.54 1.24
6.66 0.61
8.79 0.65
9.18 0.12
4.76 0.65
15.89 0.38
5.20 1.58
5.57 0.00
4.93 0.43
8.00 0.59
8.26 0.57
10.09 1.41
7.63 0.31
9.47 0.82
5.25 0.96
11.13 0.68
10.64 1.43
8.42 0.68
15.01 1.59
6.10 0.96
11.46 1.51
9.32 1.05
9.08 0.77
3.41 0.92
15.32 1.63
14.26 1.66
4.54 -0.08
13.45 1.51
14.12 0.06
8.43 0.77
5.89 1.53
12.29 0.75
6.45 0.70
9.29 0.78
6.68 0.68
4.91 0.37
6.60 0.77
9.84 1.13
4.86 1.25
2.89 0.00
4.07 0.09
5.33 1.09
5.26 0.03
5.63 0.18
12.63 1.47
13.58 1.28
9.09 0.65
3.47 0.95
7.87 0.74
4.34 1.10
13.87 1.46
10.35 1.22
5.13 0.53
6.58 0.56
5.06 0.54
10.56 1.60
13.81 0.91
8.53 0.58
7.55 0.54
7.96 0.74
5.65 0.65
5.67 0.48
5.00 0.50
3.56 1.54
6.35 1.06
7.69 0.70
8.29 0.70
5.35 1.19
5.51 1.02
8.92 0.95
9.47 1.33
5.02 1.37
7.99 0.95
10.11 1.51
8.30 1.00
5.37 -0.07
16.63 -0.04
5.37 -0.11
4.94 0.44
4.60 0.00
5.62 0.58
13.68 1.77
8.84 1.05
10.12 0.55
4.31 0.31
3.05 0.05
11.16 0.97
5.79 1.27
5.17 1.66
7.69 0.77
15.44 1.83
5.24 1.74
3.29 1.16
6.98 0.81
8.72 0.69
5.17 0.23
3.68 0.28
3.92 0.28
13.77 1.35
14.38 1.59
15.44 1.61
9.31 1.52
14.17 1.73
10.35 1.11
10.97 1.12
6.87 0.49
5.52 0.18
5.02 1.59
4.11 1.17
5.02 0.07
8.14 0.85
5.15 1.30
4.62 1.01
4.14 -0.13
5.43 1.50
15.22 1.59
5.79 0.96
8.38 0.67
13.42 1.51
13.83 1.56
3.91 1.01
3.80 0.26
12.84 1.61
10.85 1.35
2.23 -0.02
12.40 1.58
3.58 1.38
4.33 1.42
12.69 1.51
5.44 0.00
12.71 1.58
5.11 1.64
5.26 0.95
5.95 0.48
12.82 1.37
6.77 0.91
9.85 0.64
7.10 0.50
4.67 0.99
7.00 0.79
5.24 0.88
4.64 0.40
4.96 1.58
4.96 1.33
6.58 0.67
5.75 0.36
5.07 -0.12
9.04 0.77
8.85 0.09
5.24 0.98
4.74 1.57
11.84 1.60
11.94 1.57
14.98 1.56
4.52 0.04
5.33 0.04
5.81 0.20
7.21 0.49
3.84 0.00
3.84 0.00
10.88 1.20
10.70 1.29
2.65 1.17
9.45 0.65
12.36 1.15
8.10 0.66
16.57 1.93
5.51 -0.07
12.62 1.24
6.01 0.72
14.36 1.55
3.67 0.06
4.43 0.60
7.40 0.62
7.43 0.81
12.22 1.65
10.72 1.19
4.09 1.62
8.89 0.18
3.53 -0.04
5.85 0.77
14.87 1.45
5.19 0.04
5.23 1.02
4.63 0.80
5.09 1.13
13.16 1.64
3.71 0.15
5.11 0.12
2.85 0.29
4.76 1.54
7.68 0.78
9.38 1.41
4.82 1.00
4.32 0.04
4.15 1.02
6.10 0.60
4.62 0.56
9.70 1.07
13.18 1.53
9.70 1.07
9.31 1.18
8.62 0.38
5.44 1.59
5.12 0.12
8.05 1.12
15.95 1.76
5.37 1.65
3.85 0.48
5.45 0.33
15.32 1.59
13.36 1.47
8.96 0.64
4.99 1.00
8.50 0.64
2.89 -0.19
2.89 -0.19
4.15 1.23
7.54 0.74
14.18 1.59
11.88 0.65
10.48 1.52
8.01 0.77
5.47 0.52
9.20 0.77
9.54 0.89
14.00 1.58
6.92 0.49
4.95 0.26
10.02 0.62
4.63 0.24
4.65 0.92
11.70 0.73
9.04 0.86
15.18 1.66
5.41 0.60
5.00 1.22
4.99 -0.07
7.86 0.60
14.36 0.17
12.51 1.56
4.83 0.07
8.65 0.91
12.55 1.63
7.22 0.72
7.29 0.66
4.16 0.47
4.77 0.47
6.96 0.77
7.43 0.74
9.99 1.29
7.85 0.82
8.34 0.82
4.72 0.23
2.62 -0.07
7.40 1.04
17.70 1.07
9.86 0.46
7.10 0.77
4.01 0.52
10.32 1.25
8.28 0.78
14.20 1.72
6.66 0.73
4.32 0.84
7.10 0.85
9.90 1.17
11.55 1.46
14.75 1.76
7.45 0.52
8.61 0.96
10.50 1.24
9.74 0.73
13.33 1.64
5.00 0.95
10.50 1.16
5.97 1.00
5.37 1.45
9.88 0.56
5.13 1.12
13.85 0.06
4.76 1.01
4.68 1.69
5.27 1.41
4.26 -0.07
4.94 1.04
7.53 0.83
5.44 -0.02
10.71 0.90
4.01 0.04
3.85 1.11
4.94 0.09
8.66 0.66
15.09 0.23
6.67 0.90
11.90 0.97
13.41 1.20
7.57 1.06
5.48 1.47
5.22 1.42
15.67 0.07
6.68 0.76
9.26 0.74
5.44 1.73
2.74 1.58
6.39 0.80
8.56 0.71
14.80 1.61
5.50 0.65
12.90 1.54
9.77 0.60
5.64 0.51
5.69 1.12
8.54 0.42
8.74 1.16
8.74 1.09
4.78 0.02
13.40 -0.25
4.02 1.08
7.67 0.61
3.24 0.96
8.95 0.95
5.49 0.47
7.69 0.66
10.57 1.58
10.60 1.57
6.86 0.57
4.55 0.84
9.96 1.46
8.32 0.69
17.18 1.89
10.70 1.40
11.83 1.48
7.90 0.63
11.51 0.71
6.05 0.94
8.60 1.41
5.46 0.40
3.89 -0.15
11.00 -0.14
4.82 0.34
10.24 1.47
5.40 0.62
12.26 1.41
3.75 0.27
8.98 1.30
4.91 0.55
3.89 0.91
9.22 0.58
4.85 0.97
5.20 1.60
8.45 0.73
5.39 1.53
8.40 0.96
5.27 0.36
10.40 1.45
4.95 0.37
13.48 1.42
4.57 0.00
10.27 1.49
7.69 0.56
12.49 1.42
5.20 1.23
5.25 1.12
5.23 1.72
4.63 0.17
2.74 0.91
10.56 0.71
10.12 1.58
16.12 0.37
8.83 1.23
0.96 1.83
0.92 1.93
5.39 1.46
8.82 0.77
7.40 0.58
7.02 0.84
10.08 1.58
7.24 0.86
13.84 0.17
10.07 1.23
15.50 1.49
5.04 1.52
4.28 0.92
7.27 0.54
2.77 0.94
3.82 0.01
5.52 0.93
5.25 1.29
4.45 0.13
8.80 1.19
12.76 1.57
4.84 1.49
8.85 0.88
13.04 1.67
12.13 1.47
5.00 -0.06
7.70 0.58
12.44 1.47
4.24 1.06
9.62 0.74
2.82 -0.25
4.16 1.57
13.82 1.46
9.11 0.61
10.35 0.95
7.03 0.61
8.97 0.99
4.20 -0.01
5.75 0.82
5.56 0.26
11.05 1.35
13.79 1.65
14.82 0.41
14.21 1.42
12.90 1.60
8.19 0.09
7.12 0.54
8.05 0.77
9.49 1.20
6.30 1.32
16.90 0.41
8.52 0.60
12.73 1.64
10.22 0.99
11.57 1.55
6.34 1.00
8.67 0.89
13.69 1.70
14.66 0.18
4.96 1.11
7.25 0.62
5.29 1.08
4.90 1.55
11.36 1.60
5.13 -0.08
5.74 0.32
15.70 0.41
10.02 1.15
7.96 0.69
15.11 1.63
2.81 0.65
7.06 0.62
1.92 1.44
15.04 0.26
3.53 0.92
6.60 0.48
6.58 0.88
10.30 1.04
4.83 1.22
15.65 1.95
10.59 1.41
8.37 1.07
9.02 1.04
5.56 1.66
5.15 1.53
3.76 1.57
8.11 1.37
7.38 0.91
11.64 1.49
11.04 0.73
7.90 0.29
8.09 0.78
5.24 -0.02
7.57 0.80
4.85 0.38
13.65 -0.11
6.32 1.14
2.29 1.15
10.07 1.10
8.06 1.08
4.65 0.47
16.15 -0.26
8.41 0.82
8.93 0.60
5.49 0.10
8.90 1.02
9.75 1.27
4.82 0.09
5.51 0.05
12.24 0.16
9.24 1.06
5.98 0.42
3.62 1.37
5.04 1.25
9.42 1.19
6.66 0.47
6.64 0.76
5.32 0.29
5.25 1.08
4.38 -0.08
11.90 1.19
11.70 1.70
9.04 1.58
9.69 1.57
11.44 1.51
3.13 1.60
6.81 0.65
5.41 0.97
5.35 1.41
13.67 0.96
4.06 1.45
12.28 1.60
8.33 1.16
8.50 1.16
14.04 0.26
3.20 1.15
10.67 1.36
7.07 0.68
9.62 1.59
7.83 0.98
4.89 0.48
7.12 0.58
4.82 1.48
6.41 0.38
4.23 0.89
3.92 -0.01
8.72 0.67
7.40 0.56
5.25 0.02
5.75 1.02
6.59 0.83
10.41 0.82
4.98 1.60
6.52 0.76
8.18 0.63
14.98 1.63
6.41 0.71
6.77 0.73
7.73 1.16
12.26 1.55
6.25 1.56
10.08 1.44
6.01 0.58
12.41 1.45
4.91 0.12
13.56 1.75
8.29 1.05
7.41 0.89
6.10 0.96
8.65 1.04
5.56 1.30
8.15 1.20
14.02 1.87
11.60 1.57
15.17 0.48
5.65 0.47
7.32 0.59
5.08 0.86
5.56 0.52
5.39 0.31
2.43 0.06
3.02 0.06
3.33 0.41
9.20 0.86
14.30 0.02
5.08 1.28
11.83 1.48
8.32 0.86
11.38 1.60
11.98 1.60
11.65 1.46
7.26 1.24
8.85 1.16
12.05 1.61
3.17 -0.12
5.96 0.58
6.62 0.60
9.38 1.49
9.96 1.49
5.07 0.85
7.01 0.60
6.12 0.48
10.15 1.26
6.34 1.16
14.67 1.73
12.37 1.52
9.34 0.58
6.90 0.29
3.14 0.08
5.88 0.06
4.73 1.14
5.48 0.80
5.53 0.79
4.78 1.21
3.16 1.44
5.56 0.21
5.20 1.10
5.91 1.04
6.27 0.99
6.67 0.62
15.12 1.80
8.45 0.67
14.36 0.11
4.82 -0.17
8.94 0.70
10.95 1.12
4.65 0.05
7.97 0.68
6.32 0.85
5.65 0.98
4.39 0.39
4.33 0.03
6.32 1.09
10.44 0.62
7.97 0.60
10.04 1.12
5.00 1.62
11.41 1.55
5.38 0.03
6.95 0.60
11.37 1.56
5.12 -0.03
5.39 0.62
2.85 1.46
5.35 1.55
11.64 1.50
10.84 1.41
6.43 0.43
14.40 1.70
5.23 1.06
6.87 0.50
5.51 0.68
5.85 0.93
4.17 0.28
7.53 1.36
4.29 0.40
9.37 1.54
15.20 1.45
10.90 0.67
4.54 0.39
8.10 0.76
4.34 1.50
9.58 1.46
9.59 0.84
8.50 0.59
13.70 1.77
7.68 0.82
5.44 0.22
5.85 0.12
2.95 -0.17
5.31 0.72
5.98 0.72
7.63 0.60
6.43 0.76
4.81 0.00
9.11 0.23
8.97 1.15
9.55 1.15
9.30 1.49
8.16 0.67
14.71 1.68
4.41 1.44
13.64 1.31
10.15 1.56
2.79 0.98
6.56 0.65
8.95 0.64
5.64 0.48
7.63 0.59
5.69 1.01
13.26 1.50
4.29 1.09
12.73 1.47
8.98 0.63
9.40 0.63
10.96 1.65
5.74 1.09
7.42 0.51
8.38 0.57
5.25 0.20
1.87 0.40
4.87 0.28
2.08 0.15
7.17 0.65
6.68 0.77
6.9 0.77
7.24 0.72
3.54 0.26
5.05 1.08
4.77 0.40
9.91 1.16
9.62 1.53
9.96 1.33
15.86 0.46
9.79 0.48
5.23 0.61
5.37 1.15
6.52 0.96
9.97 1.48
4.26 0.08
8.73 0.45
3.62 1.19
8.36 0.60
5.15 0.70
3.80 -0.18
13.57 1.63
15.50 1.56
9.18 1.50
6.36 1.20
13.07 1.57
12.15 1.43
4.87 0.47
6.42 0.58
4.80 0.43
5.52 0.38
14.92 1.48
8.62 1.10
10.72 1.64
5.52 1.46
2.77 1.16
7.49 0.77
5.71 0.65
8.54 0.64
8.37 0.93
9.20 1.10
3.03 0.51
10.50 1.53
4.54 0.80
7.19 0.71
8.86 0.66
10.59 0.59
12.67 1.51
14.18 1.77
12.13 1.46
3.42 0.75
6.97 0.16
10.73 1.47
8.92 0.84
3.75 0.04
7.61 0.72
3.21 1.17
14.76 1.54
4.58 0.42
9.50 0.64
10.65 1.22
9.69 0.70
5.12 1.16
10.17 1.43
6.20 0.54
13.50 1.61
6.36 0.45
7.64 0.62
15.03 1.57
12.54 0.98
5.77 0.42
6.04 1.33
7.92 0.74
13.11 1.55
4.86 1.21
6.38 0.45
14.15 0.40
5.16 1.18
7.32 1.60
11.21 0.70
9.87 0.40
10.12 1.34
9.64 0.92
7.84 1.12
9.22 1.18
8.32 0.87
3.75 1.18
11.18 1.37
6.55 1.00
9.37 0.79
5.16 1.77
9.54 1.74
8.81 0.54
9.62 0.62
8.58 0.66
6.30 0.63
6.30 0.64
9.90 1.19
3.34 0.99
4.76 -0.04
5.04 0.49
3.70 0.94
2.23 1.52
4.41 0.39
11.79 1.56
4.62 0.38
4.67 1.26
9.62 0.80
4.45 0.02
5.34 0.52
7.08 0.64
5.67 1.57
5.86 1.24
5.24 0.38
13.70 1.55
5.28 -0.09
6.99 0.80
8.27 0.51
4.35 0.22
14.86 1.74
2.99 1.00
5.95 0.62
9.38 1.52
5.85 0.46
5.91 0.43
4.03 0.86
4.20 0.86
6.79 0.63
5.49 0.58
7.70 0.60
7.07 0.66
4.57 0.94
13.64 1.80
5.06 1.58
8.29 0.64
12.49 0.96
4.64 0.96
3.73 0.12
8.66 0.66
14.31 0.35
8.18 1.28
6.71 1.12
7.59 0.68
5.04 0.52
3.83 -0.03
4.53 1.01
10.47 1.38
4.36 0.02
5.00 0.91
5.48 1.17
5.10 0.15
5.73 0.37
5.69 0.47
8.37 1.31
7.55 0.76
4.98 1.05
12.51 1.50
6.40 0.87
12.37 0.87
8.48 0.77
12.91 1.57
10.43 0.73
5.68 0.50
8.20 0.46
3.86 0.23
14.81 0.72
4.97 1.65
5.95 0.94
9.36 0.37
13.98 1.34
16.40 0.28
6.18 0.58
6.56 0.54
3.11 1.56
3.05 1.60
10.05 1.32
13.31 1.42
12.51 1.62
10.18 1.42
10.84 1.51
11.34 0.78
6.00 0.89
4.65 1.66
13.74 1.49
6.85 0.53
6.29 0.62
7.32 0.76
5.03 0.38
12.46 0.70
10.28 1.47
14.11 1.10
9.60 1.02
6.11 0.99
12.57 1.45
4.36 1.48
4.37 1.47
9.66 1.37
6.92 0.70
2.70 1.38
11.86 1.58
8.22 0.60
5.10 1.49
4.86 0.91
15.86 0.55
4.95 1.59
3.26 0.94
4.33 1.17
10.11 0.69
7.04 0.61
6.44 0.60
5.63 0.21
5.12 0.20
12.60 1.49
1.85 -0.03
6.30 1.10
15.38 1.88
4.68 0.95
5.25 1.27
11.20 1.40
13.46 1.83
5.05 1.66
7.98 0.60
5.46 0.84
3.84 1.18
4.81 1.31
4.81 1.31
15.65 0.97
5.12 0.03
4.13 1.02
7.83 0.69
9.85 1.48
13.40 1.79
2.81 1.04
4.22 -0.10
11.28 1.50
13.93 0.04
4.98 0.08
3.57 0.49
3.57 0.49
8.38 0.63
4.70 0.06
9.85 0.86
14.57 0.24
8.31 0.62
8.44 0.67
5.66 1.06
5.39 0.96
5.34 0.16
8.05 1.10
5.16 0.08
6.82 0.84
5.14 0.00
4.82 1.19
6.50 0.79
17.02 1.99
10.02 1.28
12.19 1.29
15.50 0.49
8.03 0.52
10.55 0.64
7.07 1.01
5.48 -0.10
8.89 1.12
10.23 0.62
5.14 0.92
16.45 0.26
3.85 1.33
13.70 1.36
4.77 0.61
7.44 0.69
5.61 1.00
6.21 0.53
4.01 1.14
8.19 1.24
5.36 1.09
5.39 0.37
5.45 0.37
9.86 1.42
6.39 0.60
8.00 1.77
5.37 1.68
8.30 0.83
5.86 0.68
5.42 -0.10
9.28 1.18
6.49 0.55
0.03 0.00
6.4 1.32
9.32 0.66
8.42 0.70
8.07 0.56
15.15 1.60
5.64 1.18
11.50 1.55
8.34 0.82
10.63 1.50
4.79 0.20
6.06 0.28
9.32 0.69
7.59 0.62
12.21 1.41
4.72 0.35
5.13 0.09
12.21 1.69
8.54 0.92
5.43 0.87
4.90 1.12
14.92 0.14
7.73 0.62
5.02 -0.06
5.70 0.34
6.31 0.40
8.70 0.65
5.24 0.78
5.00 0.16
4.36 0.19
4.19 0.46
7.54 0.84
8.90 1.52
4.22 1.10
4.83 1.20
5.20 1.47
8.81 1.29
4.36 0.13
8.74 0.82
13.55 1.56
15.11 1.85
10.45 1.75
5.24 1.41
7.97 1.07
14.20 0.23
12.14 1.47
9.22 1.28
5.17 0.94
10.72 1.43
5.54 1.63
15.77 1.73
13.73 1.39
5.25 0.08
4.44 0.71
12.70 1.53
10.10 1.57
13.09 1.12
10.74 1.27
5.48 -0.07
4.83 1.41
8.47 0.65
5.27 0.92
10.04 1.15
8.11 0.88
2.02 -0.22
9.04 0.58
4.99 1.33
5.36 1.00
8.96 1.41
9.45 1.42
5.51 0.84
5.35 0.05
4.66 1.19
5.14 1.37
9.37 1.37
9.44 1.36
4.59 0.78
4.59 0.78
10.10 1.53
5.57 1.04
7.46 0.76
4.92 0.90
8.05 0.90
8.61 0.70
4.62 0.17
11.20 1.49
8.18 0.94
5.69 1.09
4.83 1.08
3.51 1.18
4.87 0.41
5.77 0.43
4.04 1.59
7.60 0.60
9.22 1.45
5.22 0.59
5.34 0.59
14.62 0.16
10.44 1.39
5.23 0.53
6.78 0.59
5.66 1.15
3.24 -0.05
4.82 1.15
4.75 -0.02
7.07 1.04
4.02 1.09
2.60 0.08
3.20 0.08
10.08 0.70
5.69 -0.08
8.43 0.73
8.38 0.73
14.71 1.56
9.64 0.62
5.16 0.53
5.01 0.19
3.77 1.01
5.33 0.91
5.42 1.12
4.93 0.52
6.16 0.72
10.70 1.21
3.32 1.19
2.99 0.01
8.55 0.81
3.44 -0.09
7.26 0.56
13.20 0.04
5.56 1.54
7.22 1.03
4.59 1.09
9.22 1.08
5.09 -0.07
9.54 0.63
13.88 1.67
9.10 0.67
5.38 -0.01
5.55 0.29
4.11 0.04
10.76 1.60
7.25 0.92
7.40 1.04
6.50 1.36
4.11 1.20
6.07 0.70
9.36 1.32
5.23 0.34
11.25 1.70
11.86 1.70
12.03 1.52
6.23 0.40
8.21 0.63
2.89 0.35
5.22 0.35
6.48 0.52
11.31 1.45
15.19 1.91
9.42 1.24
6.74 0.63
13.55 1.89
5.81 1.09
11.08 1.52
5.92 0.90
7.57 0.76
7.94 0.76
6.73 -0.01
9.14 0.53
5.15 -0.07
12.01 1.56
5.40 1.35
4.85 0.56
4.85 0.56
9.36 1.42
10.12 1.42
10.38 1.06
6.25 0.54
6.57 0.65
5.12 1.01
10.20 1.19
14.25 0.74
7.04 0.79
9.72 1.33
7.93 0.97
9.72 1.10
5.59 0.08
4.96 1.02
6.57 0.01
5.63 -0.02
4.99 1.16
9.11 1.50
3.07 1.00
5.13 0.31
4.36 1.26
5.28 0.20
14.12 1.02
6.06 1.43
12.23 1.70
5.10 1.15
8.34 0.68
6.41 1.05
6.00 0.44
10.31 1.34
3.77 0.96
5.05 0.02
5.53 0.26
10.72 0.50
6.02 0.08
10.51 0.90
5.01 0.92
12.12 1.63
8.41 1.04
5.49 -0.04
14.58 0.44
8.60 0.83
3.93 0.22
6.31 1.12
4.29 0.34
6.31 0.68
7.85 0.59
9.65 0.48
9.89 1.60
13.01 0.06
12.31 1.71
13.42 1.71
4.45 1.25
11.54 1.41
10.89 1.41
15.37 1.82
5.03 0.23
6.37 0.81
4.59 0.02
5.16 0.77
3.36 0.32
6.19 0.51
5.74 0.47
7.06 0.30
5.71 0.22
7.46 0.60
9.20 1.10
8.01 0.93
5.52 1.12
6.61 1.10
4.44 1.50
13.67 1.37
5.81 1.03
8.22 0.52
5.03 1.75
6.96 0.71
7.29 0.64
12.17 1.48
7.15 0.68
7.57 0.93
3.08 1.13
8.41 0.82
15.36 1.94
3.79 0.14
6.25 -0.04
10.21 0.50
10.43 1.45
9.40 0.70
6.30 1.69
12.49 1.04
7.28 0.32
8.04 0.47
4.45 1.17
6.59 0.87
9.36 1.39
5.12 1.13
6.61 0.59
5.65 0.19
5.00 -0.09
10.38 1.46
9.15 0.12
8.83 0.67
10.02 0.96
5.38 0.55
7.57 0.68
8.58 1.01
5.64 1.26
4.36 -0.08
5.73 0.48
5.47 0.50
5.46 0.43
12.20 1.63
4.68 0.79
12.97 0.17
6.70 0.58
5.17 0.93
4.48 0.38
7.48 0.71
13.58 -0.12
6.2 1.13
15.66 1.73
6.47 0.99
4.69 0.97
5.67 0.11
10.01 1.34
5.40 -0.08
5.82 0.44
4.37 1.05
5.06 0.33
12.88 1.58
13.85 1.46
5.06 0.40
8.63 0.70
5.27 0.57
5.27 0.57
5.49 0.46
5.41 0.22
6.23 0.18
10.00 1.26
14.52 -0.08
6.86 0.57
5.96 0.64
13.84 0.70
5.49 0.93
5.84 1.57
4.86 0.93
10.94 1.48
4.89 0.95
10.4 0.00
5.91 0.18
13.99 -0.03
6.22 0.56
2.72 1.52
12.32 1.71
12.91 1.72
2.87 -0.03
7.68 0.99
8.35 0.99
14.31 1.51
8.08 0.88
5.42 0.08
10.15 1.48
6.80 0.59
4.99 0.47
11.95 1.46
3.82 1.41
3.82 1.41
6.88 0.63
5.00 0.10
5.00 0.10
6.53 0.44
6.91 0.60
5.33 -0.06
9.96 1.06
0.77 0.22
12.40 1.62
5.11 0.55
5.92 0.98
4.23 1.82
12.53 1.54
10.70 0.74
6.06 1.70
6.13 0.65
3.90 0.89
7.06 0.30
7.06 0.30
5.57 0.71
13.70 1.36
10.12 0.42
5.03 1.28
5.65 0.20
12.83 1.64
15.13 0.01
6.18 1.02
4.13 1.08
5.75 0.23
3.83 0.89
8.82 0.64
5.26 -0.01
5.62 -0.07
3.96 -0.03
4.58 -0.06
8.77 0.91
5.71 -0.08
4.71 1.05
7.56 0.78
4.70 0.75
9.40 0.99
5.52 -0.02
3.71 0.86
8.82 0.61
5.76 1.04
13.41 1.90
4.52 1.46
12.89 1.53
13.71 0.30
5.36 0.67
5.28 -0.01
7.43 0.79
9.30 1.33
14.41 1.40
5.31 1.22
5.02 0.05
3.89 1.02
4.83 0.90
4.92 0.12
7.90 0.80
11.98 1.59
8.47 1.28
5.13 1.53
5.30 0.17
5.81 0.28
5.66 0.49
4.96 1.59
3.47 1.57
5.88 0.58
11.36 1.49
5.49 -0.06
5.66 0.33
8.66 1.12
7.72 0.55
6.07 0.64
5.71 0.08
4.77 1.41
4.64 0.18
12.15 1.40
6.93 0.60
7.46 1.14
7.16 0.71
4.99 1.21
10.56 1.34
5.05 1.11
5.67 -0.10
3.56 0.76
12.09 1.61
5.68 1.30
14.33 1.69
5.52 1.06
5.71 0.73
5.80 0.61
8.80 0.46
7.24 0.82
4.94 1.62
16.87 1.04
5.27 1.56
7.72 0.63
5.10 1.06
8.85 0.64
12.79 1.44
12.25 1.55
6.19 0.64
7.72 0.94
14.50 1.61
7.14 0.12
7.59 0.17
13.49 1.55
7.51 0.25
4.51 1.32
5.36 0.85
11.97 1.52
7.02 1.15
8.11 0.67
15.20 0.10
9.87 1.18
5.85 0.39
8.49 1.19
5.39 1.18
9.76 1.15
14.88 1.82
8.92 1.29
5.32 0.87
7.80 0.79
6.56 0.50
6.48 0.38
8.89 0.76
10.11 0.51
6.88 0.94
3.23 -0.07
8.06 0.02
7.33 0.85
8.92 1.82
7.97 1.43
5.65 1.50
5.85 0.48
7.45 0.69
8.00 0.63
8.66 0.72
8.09 0.04
5.47 1.43
14.85 -0.08
13.19 1.54
5.73 0.88
11.30 1.43
4.95 0.08
5.75 0.47
5.18 0.18
4.83 0.09
3.79 1.28
3.79 1.28
4.97 0.14
7.02 0.49
4.30 0.11
5.15 1.04
4.52 1.26
9.72 1.14
4.24 1.07
5.87 1.00
6.13 0.46
3.98 1.52
9.95 1.33
3.57 0.94
8.72 1.16
5.24 1.65
5.28 1.40
6.51 -0.09
8.88 1.33
8.39 0.73
8.52 0.73
8.16 0.75
4.81 0.42
10.40 1.21
15.32 1.71
6.27 0.55
10.58 1.47
5.84 0.10
5.17 0.65
4.76 -0.05
3.08 0.79
5.59 0.00
5.76 0.11
11.79 1.28
5.93 0.58
6.85 0.40
6.85 0.40
5.64 0.20
8.65 0.55
13.96 1.57
6.17 0.51
5.31 0.97
5.85 1.10
11.19 1.26
11.03 1.18
4.43 1.33
17.35 1.59
6.25 0.97
8.19 0.51
8.36 0.49
6.62 0.73
9.52 0.45
11.41 1.52
4.78 0.38
6.55 1.07
17.93 1.94
14.74 1.63
6.91 0.64
14.04 1.79
5.62 0.06
5.69 0.26
4.91 1.15
13.04 1.65
4.01 0.40
9.71 1.35
15.40 1.74
6.41 1.13
5.65 0.69
5.11 1.01
4.76 0.28
9.23 1.13
13.48 1.76
4.22 0.20
9.22 0.69
11.63 0.88
4.03 -0.13
10.56 1.56
5.38 0.07
8.31 0.64
7.09 0.80
12.00 1.43
4.61 1.60
11.51 -0.07
8.93 0.97
3.11 1.00
4.68 0.11
9.90 0.62
4.89 1.60
12.51 1.52
5.12 0.53
5.20 0.07
3.63 0.44
5.43 0.06
6.67 0.99
4.32 0.95
10.10 1.18
6.37 0.72
5.05 0.72
5.16 1.06
5.10 1.66
7.22 0.60
5.46 1.02
8.56 0.91
7.88 1.23
8.18 1.22
6.75 0.62
5.68 1.09
3.77 -0.06
8.83 1.32
8.49 0.94
8.23 0.50
5.76 1.53
5.96 0.92
10.25 1.58
10.99 1.57
9.66 1.10
13.41 1.72
3.42 0.16
8.66 0.59
6.45 0.63
12.34 -0.07
4.51 0.27
10.84 1.43
11.87 1.49
12.91 0.63
6.01 0.46
7.08 0.86
7.08 0.86
4.43 0.32
8.82 1.41
10.30 1.35
7.63 0.57
11.39 1.39
9.95 1.21
9.96 1.29
10.29 1.47
4.14 0.43
14.67 1.79
4.91 1.18
13.76 0.86
10.78 1.53
4.22 1.05
8.38 0.78
5.11 0.35
5.58 0.22
4.27 1.04
2.46 1.03
3.77 0.00
4.42 1.65
4.89 1.52
4.51 0.54
4.92 1.32
3.43 0.92
6.33 1.12
4.53 -0.11
8.13 0.59
4.90 1.00
8.95 0.62
6.48 0.98
8.42 0.60
8.51 0.59
13.39 1.54
13.53 1.36
10.06 1.07
6.27 0.89
5.98 0.43
8.24 0.93
5.88 1.07
4.84 0.41
15.58 0.95
5.99 0.46
5.04 0.20
7.81 0.91
5.77 0.72
5.35 1.32
12.73 1.49
4.73 0.32
9.74 1.32
4.59 0.83
7.29 -0.06
11.18 1.30
13.98 1.73
12.45 1.59
5.01 1.48
8.81 1.05
7.14 0.96
6.87 0.62
13.48 1.50
5.70 0.50
5.17 1.12
6.53 0.58
11.70 1.54
8.30 0.52
8.55 1.48
6.96 0.40
11.43 1.49
14.85 1.51
11.87 1.49
5.39 1.12
7.80 0.70
5.15 0.49
12.01 1.61
7.19 0.98
5.90 1.04
9.13 0.14
3.94 0.02
5.23 0.46
12.00 1.42
8.90 0.57
8.63 0.67
5.55 0.97
4.67 0.89
5.61 -0.15
6.21 0.63
8.00 1.67
9.40 1.25
6.64 0.68
12.85 1.65
5.65 1.61
5.94 1.11
6.56 0.55
10.10 1.52
10.34 1.52
5.30 0.41
11.23 1.49
5.51 1.40
16.40 0.37
15.07 0.10
16.57 0.50
5.16 1.21
6.25 0.48
6.25 0.48
7.46 1.30
10.52 0.97
4.84 0.17
13.56 0.25
5.68 0.59
7.68 0.97
8.45 0.65
7.36 0.53
6.48 -0.15
11.48 1.44
5.61 1.65
9.11 0.63
14.56 1.58
4.07 -0.01
5.18 1.10
12.81 1.43
8.30 1.22
5.94 0.54
12.25 1.49
10.10 0.67
3.72 1.65
4.50 1.61
7.10 0.90
5.21 1.18
7.58 0.54
5.30 0.01
4.55 1.57
9.63 1.04
9.44 1.13
9.88 1.16
10.87 1.49
5.02 1.58
4.51 0.94
12.01 1.56
10.78 0.95
4.69 0.26
13.30 1.55
6.07 0.02
5.87 0.40
5.83 0.45
8.18 0.77
5.26 0.44
7.37 0.51
8.05 0.59
7.83 0.78
11.75 1.19
7.33 1.49
14.96 1.61
16.17 0.45
3.20 0.99
8.70 0.82
14.69 0.25
9.56 0.64
4.49 0.50
5.24 1.17
12.35 0.54
11.84 1.26
9.72 0.54
3.72 0.39
3.92 0.53
6.60 0.69
6.68 1.41
10.90 1.45
7.95 1.02
6.39 0.60
4.71 0.06
6.75 0.63
4.39 0.19
4.48 0.16
9.53 0.75
8.23 0.99
5.82 -0.13
4.23 0.12
4.43 -0.11
10.64 0.81
6.56 0.73
6.63 0.70
4.82 0.02
9.26 1.35
15.17 1.66
5.87 0.92
15.21 1.41
2.44 0.22
5.66 1.38
4.28 0.90
8.27 0.83
10.26 1.24
7.83 0.57
6.40 0.53
6.04 0.03
4.08 1.11
12.46 1.56
5.16 0.05
4.22 0.49
5.69 1.10
5.41 1.16
5.71 0.32
8.66 0.92
5.70 0.20
5.34 1.55
5.68 0.31
7.48 0.91
6.13 0.44
7.32 0.50
5.60 0.32
10.57 1.36
11.08 1.49
11.61 1.56
4.51 0.91
14.75 0.13
5.31 0.07
5.41 0.04
8.74 0.86
6.03 -0.12
5.80 0.32
11.17 1.06
9.10 1.28
8.71 0.61
10.31 1.62
14.96 1.30
4.57 1.62
8.86 0.84
5.44 -0.11
5.24 0.97
12.00 1.67
12.05 1.67
5.29 1.10
7.90 0.76
2.91 0.83
12.78 0.02
9.25 1.05
8.48 0.91
8.68 1.46
9.89 0.96
3.23 -0.22
8.30 0.61
8.85 0.94
15.28 1.66
8.14 0.62
12.15 0.44
13.35 1.68
7.14 0.88
5.77 1.11
3.76 1.00
4.90 1.08
11.78 1.46
9.00 0.50
16.05 0.70
13.37 1.56
4.69 0.17
10.33 1.42
5.01 0.18
8.62 0.84
5.45 0.30
13.40 1.56
6.74 0.62
5.67 0.25
15.25 0.14
5.85 0.32
6.63 0.52
5.10 1.04
3.68 0.32
9.72 0.87
7.56 1.21
8.82 1.04
5.18 0.65
5.11 1.60
5.24 0.95
7.46 0.70
12.73 1.49
4.73 0.88
16.58 0.29
6.11 0.07
13.24 0.16
6.17 1.55
13.02 0.00
11.44 0.38
4.34 -0.05
2.39 1.53
12.06 1.53
8.79 1.32
4.73 0.48
9.46 0.76
5.94 0.59
5.09 1.11
4.34 1.17
12.82 1.59
4.13 0.43
4.08 2.35
9.63 1.34
4.56 1.10
5.58 -0.01
5.29 1.41
13.27 1.44
12.67 1.62
2.87 0.29
5.17 1.05
6.28 1.21
8.62 0.97
5.58 0.60
5.01 0.04
5.64 0.00
14.83 -0.11
5.53 1.37
4.29 0.52
8.64 0.62
11.99 1.62
8.24 1.00
8.65 1.04
10.84 1.36
5.52 1.52
14.89 1.81
14.68 -0.01
5.04 -0.03
5.29 0.37
7.43 0.69
6.85 0.49
8.63 0.78
13.42 1.50
8.60 0.83
15.05 1.64
12.73 0.06
5.08 0.37
7.86 0.79
3.01 -0.12
5.53 0.42
8.23 0.73
8.99 0.86
12.05 1.58
5.08 -0.17
5.71 1.18
6.80 0.25
10.35 1.36
7.78 0.92
17.40 2.15
7.63 0.67
11.10 0.63
10.4 1.5 
4.40 0.28
6.94 0.46
14.64 1.76
6.40 1.70
9.75 1.49
11.01 1.50
6.94 0.60
6.22 1.00
4.91 1.77
14.06 1.51
9.09 1.04
6.94 0.51
14.27 1.08
7.13 0.57
13.89 1.56
4.69 1.06
10.97 1.38
10.48 0.98
5.60 0.34
12.03 1.59
12.01 1.63
10.62 1.58
9.18 1.48
9.99 0.63
8.84 1.09
10.56 1.45
5.03 0.44
8.61 0.65
10.34 0.73
5.30 0.23
13.93 1.45
10.93 0.94
4.46 1.37
8.43 0.85
8.71 0.52
4.84 1.44
2.96 0.98
4.29 0.34
7.25 0.53
10.51 1.21
6.98 0.52
1.74 -0.13
5.27 1.41
5.14 1.57
3.76 0.44
4.50 0.05
4.99 1.48
5.74 0.31
7.79 0.79
9.15 0.66
6.32 0.88
12.94 1.36
5.37 0.24
7.22 0.66
6.59 0.75
4.92 0.48
10.42 1.52
5.58 1.00
15.66 0.23
8.75 0.52
3.53 0.08
12.57 1.49
4.29 0.46
11.24 1.48
9.17 0.93
10.23 1.49
9.48 0.43
7.24 0.79
12.14 0.60
11.11 1.45
5.40 0.15
3.35 1.57
10.15 1.15
12.00 1.56
4.79 0.92
13.56 1.76
5.24 0.51
16.32 1.88
5.50 0.38
5.33 1.13
6.23 0.65
6.57 1.03
5.43 -0.16
5.32 0.80
8.24 0.34
6.54 0.90
4.49 1.39
4.79 0.80
10.35 1.46
9.83 0.72
5.10 0.92
6.08 1.01
4.19 0.28
4.13 1.46
4.16 0.98
5.37 0.60
2.86 1.39
13.33 1.66
7.04 0.60
13.55 1.54
9.23 1.14
12.12 1.47
5.29 0.65
5.13 1.07
8.76 0.82
3.84 -0.05
4.81 0.00
4.57 -0.10
10.73 1.51
5.62 0.36
8.19 0.75
7.86 0.61
13.25 1.84
7.92 0.68
5.32 0.67
6.20 0.49
13.82 1.45
4.43 1.02
8.82 1.19
8.87 1.19
4.57 0.09
12.28 1.00
15.65 -0.05
14.94 1.81
6.35 0.61
7.48 0.73
13.68 1.59
5.27 -0.03
5.75 0.52
9.71 0.88
4.79 1.05
5.47 0.95
7.08 0.90
3.97 1.03
17.14 2.16
7.65 1.10
14.21 1.42
4.42 0.38
13.54 -0.39
9.59 1.65
9.85 1.62
5.48 0.38
6.80 0.61
4.36 1.68
13.25 1.65
4.82 -0.06
3.75 0.60
4.29 0.01
9.74 0.75
6.14 0.56
4.81 1.61
8.54 0.72
3.77 0.01
7.79 0.72
6.42 0.32
9.66 0.42
10.37 1.51
10.09 1.36
10.84 1.36
5.50 0.06
10.21 1.83
6.21 1.14
14.83 1.70
9.56 0.60
7.58 0.66
6.6 0.32
4.02 -0.09
8.28 0.72
6.76 0.53
9.26 0.51
10.01 1.44
7.08 0.39
11.52 1.62
5.03 1.14
7.88 0.63
12.32 2.04
5.08 0.39
4.63 0.24
9.10 1.51
7.56 0.48
5.82 0.92
8.51 0.78
6.83 0.55
5.87 1.30
5.19 0.06
7.82 1.13
7.39 0.80
9.19 0.40
5.71 0.72
9.83 1.09
4.46 1.33
3.40 -0.09
5.98 0.58
6.00 0.56
2.10 1.60
4.79 -0.01
11.90 1.42
7.42 0.63
11.78 1.56
4.85 1.03
16.14 0.27
4.69 1.37
2.94 0.86
7.46 0.51
4.85 1.18
5.08 0.96
5.95 1.48
11.50 0.66
9.98 1.13
6.40 0.94
16.00 1.83
10.46 1.24
5.76 0.36
3.95 1.07
4.19 0.50
7.86 0.80
7.33 0.68
5.26 0.94
9.03 1.04
10.06 1.39
10.26 1.61
11.92 1.48
3.49 0.08
6.66 0.65
9.57 0.57
10.93 1.40
14.37 0.17
15.81 1.67
7.77 0.74
9.85 1.48
3.48 0.93
6.19 0.42
9.35 0.69
11.72 1.54
3.52 1.05
8.30 0.84
15.51 0.63
4.46 -0.04
4.51 -0.06
11.64 1.55
9.66 1.13
5.16 0.48
3.74 1.64
5.60 0.78
5.60 0.78
4.94 1.56
6.04 0.62
13.41 1.19
10.17 1.58
8.44 1.03
10.22 1.49
15.65 1.91
11.46 0.80
8.51 0.74
5.81 0.26
3.27 0.05
7.03 0.57
7.03 0.57
5.56 1.14
4.90 0.00
8.12 0.83
4.21 0.97
4.18 0.94
12.76 1.60
8.00 0.65
6.48 1.10
8.67 1.50
1.16 0.09
7.37 0.68
14.68 1.70
5.49 0.67
6.43 0.64
7.88 1.39
4.12 0.98
10.30 1.35
8.75 0.78
12.37 0.85
5.00 1.42
7.46 0.95
7.74 0.86
3.62 -0.09
8.92 0.55
5.10 0.09
5.11 0.29
5.37 1.45
2.42 1.67
7.34 1.49
2.49 -0.04
5.43 0.30
8.66 0.71
6.44 0.83
9.89 1.40
12.97 0.98
7.48 0.65
4.28 0.42
6.13 0.44
4.47 0.90
11.64 1.36
9.62 1.30
4.52 1.57
4.76 1.34
10.89 1.51
10.88 1.42
5.70 0.44
8.83 0.84
14.66 1.53
12.45 1.54
8.59 1.01
3.66 1.22
9.96 0.69
5.81 0.48
5.12 1.47
4.69 0.65
4.41 0.80
3.90 1.02
11.27 1.52
9.64 0.91
7.91 0.90
5.94 0.44
5.16 0.13
6.17 0.94
6.12 0.79
4.52 0.29
5.56 1.01
11.06 0.62
7.09 0.61
7.56 0.56
4.22 1.56
8.58 0.76
15.42 0.22
16.29 0.51
4.21 1.11
8.73 1.05
11.57 0.90
8.09 0.88
9.04 0.76
3.99 0.40
10.52 1.41
5.06 1.60
8.16 0.47
3.69 0.92
9.72 0.80
5.54 0.52
10.38 1.33
9.72 1.13
7.87 0.67
7.88 0.70
11.46 1.54
10.32 0.45
7.52 0.65
4.85 1.67
4.41 1.13
10.90 1.45
8.39 0.82
4.98 -0.02
5.08 0.80
4.75 0.84
11.65 -0.31
5.44 1.03
8.89 0.81
6.67 0.50
5.05 1.20
9.67 0.85
4.60 0.17
10.15 0.66
7.54 0.87
8.66 0.40
11.69 1.52
7.36 0.80
5.20 0.20
3.97 1.10
6.62 0.60
7.80 0.89
8.58 0.95
6.69 0.45
9.06 0.56
10.05 1.51
5.57 -0.11
12.07 1.44
11.26 1.42
4.98 1.68
4.40 0.61
4.39 1.47
11.02 0.96
13.51 1.38
14.59 1.66
10.54 1.50
12.66 1.54
10.47 0.45
10.39 1.28
8.98 0.94
4.28 1.07
5.60 0.19
9.81 1.13
13.03 0.14
13.55 1.39
4.55 0.94
10.21 1.31
6.25 1.09
12.44 1.61
11.87 1.52
11.81 1.15
5.22 1.02
6.49 0.54
6.74 0.83
14.43 1.58
13.82 0.03
10.32 1.19
15.33 0.19
6.81 0.49
8.60 1.28
7.44 0.74
7.14 0.59
13.42 -0.31
4.98 1.38
11.18 1.44
10.28 1.18
9.05 0.72
5.59 0.10
4.71 0.08
9.56 1.35
14.69 1.96
8.54 0.79
6.85 0.60
9.70 1.16
16.10 1.78
11.22 1.46
7.64 0.70
9.31 0.92
13.16 1.52
9.19 0.82
4.74 0.08
9.56 1.28
3.82 1.01
6.58 0.66
4.29 -0.10
7.09 0.99
5.00 0.24
7.19 0.81
4.13 0.51
3.21 1.03
13.13 0.03
5.31 0.97
4.14 -0.08
8.29 1.11
8.32 1.11
8.75 0.79
4.50 0.20
12.27 1.92
5.28 1.37
4.49 -0.04
12.13 1.28
12.19 1.26
14.36 1.77
12.67 1.60
5.06 1.68
10.10 0.69
7.10 0.66
6.36 1.58
11.30 1.40
6.09 0.98
5.72 1.40
6.07 0.91
11.67 1.56
4.93 0.95
13.31 1.59
6.44 1.00
15.21 1.41
8.40 0.86
9.90 1.34
5.29 0.28
6.78 0.19
6.88 0.66
12.08 1.66
5.04 -0.01
9.85 1.26
4.57 0.01
6.41 0.06
8.98 1.48
15.72 0.58
8.36 0.74
9.34 1.26
15.35 1.64
5.18 -0.14
9.47 0.78
6.55 0.44
5.08 1.60
6.39 0.98
5.30 0.18
9.53 1.08
9.74 1.39
4.54 1.22
6.03 0.57
10.87 1.47
14.94 0.18
7.38 1.01
6.00 0.21
11.15 1.48
5.00 0.06
7.88 0.63
11.72 1.54
4.66 1.59
13.86 1.68
6.63 0.67
11.76 1.51
9.62 1.44
4.86 0.93
5.13 1.13
4.01 0.42
8.92 0.77
7.48 0.74
6.58 0.55
16.09 1.90
8.40 0.55
10.44 1.35
5.53 1.60
4.78 1.27
8.99 0.31
11.22 0.98
7.06 1.06
4.41 1.63
5.75 0.67
13.05 0.07
14.90 0.46
8.26 0.76
4.55 -0.05
9.80 0.86
4.94 1.63
12.84 1.63
5.67 1.07
8.54 1.46
6.12 0.62
14.33 -0.07
7.47 0.55
