400380 588221
337910 562252
336549 565597
343717 559909
332116 594868
358384 556361
415881 584352
345164 579614
316395 537403
340970 564831
340383 600071
326627 534442
356865 545785
306298 551902
347575 565576
302583 571881
352424 557574
279008 521035
335029 553213
338753 563384
324032 577807
327973 534972
321924 527106
345495 579864
385091 599401
361138 551307
332884 533990
269126 508814
350056 566657
374117 546122
350283 559840
335525 567445
350798 535657
289002 520678
324516 522674
364844 571623
351815 574947
275524 559548
348773 583528
308966 523409
316313 570785
341966 561987
341446 538787
318823 565345
347522 587567
293746 544468
334983 572690
325125 564342
330145 546705
336336 563145
302353 545544
321216 569834
285152 520229
335027 565050
332270 556288
341016 545280
339640 561426
338633 563504
324952 565867
353583 554147
385183 556284
292636 520371
289176 571435
310944 559497
336974 563207
337173 557853
396903 591235
324440 567074
333378 557892
300366 565761
344437 529492
325871 558965
367641 556309
344552 554676
297212 546223
355924 577596
331340 524203
292932 558293
306346 523584
341966 586266
282430 560217
326251 549298
335201 585318
351564 573155
322365 530808
405542 600089
296763 528676
221233 538472
338084 560295
345674 579033
325883 560492
345123 577788
329859 564384
353939 570931
409616 575024
365058 545456
404782 557913
368724 598412
344096 575522
182618 346663
171461 348130
186536 330019
177241 292639
248683 383412
174057 358906
215243 289985
170688 343596
144502 345417
165689 356983
168443 367928
165158 343946
159711 352701
175781 341039
233480 289069
189029 366740
168573 350387
170271 306395
192775 350028
152054 345632
139299 314046
202053 322650
134695 350397
159654 381778
188093 324040
183236 338163
156984 430950
182751 435819
198908 372797
198517 325721
161345 350804
210497 359835
141993 331189
170788 373545
166449 363036
155479 345893
186380 363938
129332 360811
224225 376975
165945 345849
223550 323197
122755 434879
166584 349245
179472 342273
148749 359845
177505 332053
160222 380591
178869 370161
170002 370000
164354 347671
169966 368623
145867 363616
181561 358111
164915 350360
166973 341636
153181 277968
155505 355581
160835 347784
211265 396792
203254 362605
137967 354539
174064 357989
179609 408365
176506 351827
172879 347028
180506 330980
185966 359964
146070 316860
152957 321354
163190 331719
186914 361706
159191 309314
170425 316185
162040 316797
195000 354829
126702 351222
213064 290947
140612 350010
172885 352621
170155 343568
186806 334070
146072 288800
169293 348686
169502 411323
152861 407965
156041 295117
117585 391892
163981 344090
158664 310765
141113 351050
163796 345091
160369 353500
235671 300234
140876 334435
108232 373112
192460 388323
133744 308918
216209 437830
156945 339397
199859 316334
159496 331641
167845 341409
182435 365508
133795 360518
169628 365003
167262 399527
177728 352687
130683 363204
198197 344933
197735 355477
172020 342883
185561 342784
202011 337353
157394 346500
182050 424341
129664 341196
173188 355248
182499 310438
170384 339979
182093 321311
185696 338006
102221 374657
165881 364469
164875 349007
159120 340829
168274 374689
178495 373915
179811 342089
162606 363185
173908 362098
133580 348602
190634 357254
186503 369651
127134 379827
169145 355279
140121 346875
141860 324304
200251 306215
174373 363552
170022 347877
165657 338722
186361 351075
213022 338238
155228 357729
171614 435530
175586 365049
187858 381077
171074 293610
153738 360530
199043 270173
165886 348709
159428 300364
197463 378513
161273 347538
186082 330058
143732 279724
142899 329415
156977 424622
174878 362329
148915 338914
187324 377187
175766 380534
185071 362905
158550 354818
174672 345849
169880 343122
109090 326101
187854 354777
153903 353738
190241 329582
102983 382712
143117 345163
188985 367645
174834 411644
144228 344974
146821 297434
171848 343242
 94382 320888
154412 310120
176490 344679
170616 352610
 81648 360080
153607 379395
183970 355973
105444 361358
158571 361986
177579 319865
198892 322470
216975 296647
166654 350678
189102 333074
198712 303299
137098 384889
144306 328086
142455 343512
178319 318244
168886 353913
174656 393278
130805 354417
176433 350561
142252 329183
165476 377389
210102 333312
129453 321221
144705 375936
206687 342276
153583 352282
189499 356601
159392 351000
181463 326571
162975 335389
157691 334886
154167 353183
165607 362883
182239 333302
176982 354631
183516 374212
191099 341570
184570 360446
207804 354938
198493 326704
149269 341445
184798 392233
174438 319075
107124 325984
 76052 360840
159302 337993
140101 341028
168149 345638
150009 371014
157193 350343
111476 358647
151164 332239
171318 373473
175169 349454
162600 392531
168067 340249
170102 323164
124132 340448
149863 284721
168079 347343
128953 304971
169228 364545
198415 321418
183610 321788
220869 407358
159472 372246
170837 353968
165653 317602
135537 356169
166973 334724
158750 312102
161448 373412
158713 379013
180493 319750
125715 302114
194033 340466
158871 312380
161387 343617
169121 347594
167653 352074
125902 318850
217686 296514
171986 429306
211360 279794
157181 346842
188909 341194
140128 325904
117874 389929
162921 317643
173978 346514
 98533 355691
194956 372256
164847 287064
174410 372064
149092 352682
166323 352927
178515 370287
169337 348605
122986 334382
145282 391482
185919 363092
180519 368284
181227 347052
168284 309036
198251 335402
160922 347681
141861 328909
147911 328024
178264 330827
178235 346006
195151 317753
122360 357480
167330 332452
115363 305575
185661 404482
177858 352255
113068 317574
125675 360158
172842 351663
124724 459999
169069 348929
185253 344152
155625 262321
158201 315944
171277 361020
209553 326461
160165 362858
190725 336160
169994 409806
179463 361279
172662 388185
165284 425978
160206 303063
155690 368375
124516 325289
179326 321160
165573 305517
155508 372355
166799 318482
161780 324523
168805 351913
206519 355629
163091 350167
176144 353300
179483 359645
213951 352868
164046 346109
169569 346955
225356 318394
214966 358837
159253 343477
219779 330969
169876 340860
669118 354195
613682 399434
617399 392653
629247 364078
641070 424917
609532 388425
629369 398359
605911 379990
622550 391601
607905 403460
679465 399014
608711 373665
623498 399288
601212 370698
574989 407228
563517 391159
687717 379483
616040 330855
653024 367312
607440 403119
620240 397022
599215 391457
587478 424878
613921 394043
624328 392133
635887 384511
559877 401053
617755 401065
693265 388552
559933 403956
655859 416496
625919 402984
595215 391491
617493 379303
598657 442558
601644 436831
617118 374098
591051 389443
617296 386864
616468 394118
630384 376295
558770 390646
637332 414017
556780 409205
577473 384210
650054 432740
595063 328609
714443 433876
603566 410391
562356 383175
546166 423311
626539 394908
663820 416308
710910 464586
624310 398408
632546 389750
667249 417107
608309 377530
611357 393577
658219 436184
615032 402225
628131 406850
632390 363198
575116 345564
625784 441883
618893 419740
579564 428498
686324 364237
586242 396484
623248 399928
609219 362804
537211 376777
605310 394011
634973 450542
595411 413706
613037 419086
617444 397675
633304 366062
592620 446156
631633 337973
619637 395224
620330 398630
621964 409409
618446 372298
629789 426313
608687 374928
680646 375662
591831 438997
550086 442382
620330 396776
551236 401856
617178 414525
584938 344365
622636 456843
649987 408293
613719 382828
576987 392508
599766 409755
584077 398498
695514 321521
561388 355834
691600 397893
610676 449688
600114 413216
626811 372435
636291 360636
570384 393553
626700 401688
624106 398619
523329 404632
611954 360938
613536 395801
576488 397913
652745 406585
603193 371867
610026 444858
629725 405117
648429 422590
562772 382904
638823 411764
617764 397102
579922 379009
610698 396326
642607 374702
621629 397208
659321 404555
576235 462612
598628 425191
623502 420376
665965 449273
608923 385575
611579 407670
617573 386848
589862 418742
653325 396810
605073 372055
623137 408209
499262 398424
619339 401624
619295 397643
578878 420108
533577 355107
615934 426539
690195 475150
673514 390760
657120 386782
549945 372313
675858 410545
626586 415166
618449 404599
638783 399478
578113 395458
622557 361134
635324 420555
666135 430421
689725 465685
593601 445149
615094 383077
624599 417673
573969 434110
642881 403147
634383 422065
582389 428200
617330 369828
621989 394856
651828 468138
612936 398723
613351 407952
562777 437516
533212 366954
618113 400002
609344 448128
615342 413931
623989 368662
620187 400168
687638 439257
573925 449341
547270 403384
619318 361696
588432 446279
592924 393730
615325 383841
611875 422910
681941 370225
620818 396967
662154 385013
554938 347875
628655 321099
619628 399433
660333 393215
618391 348381
565829 395454
617689 397001
604554 393193
572417 403906
659193 384523
632060 367800
633894 404424
620610 395343
615175 397627
624293 333944
593689 316888
617319 374666
572244 349463
619239 400025
621622 390298
622101 371771
630205 338054
654147 407182
637594 420311
629004 392271
585207 336451
618349 397614
650157 402991
638966 486628
655201 411873
602335 433298
630706 388370
617428 397343
621537 390372
631365 450732
618406 404239
601390 453925
603945 361794
619427 396945
660103 414557
700340 335010
608182 416637
661166 404325
620939 385731
626371 349696
614683 367259
619332 401992
587453 401098
652349 321291
617954 395504
636807 424537
533889 333741
623386 387031
632952 385722
695010 449565
626843 367696
488205 420586
611547 411952
621241 368090
581240 362971
608747 363132
662177 420431
615665 405490
617447 366176
560393 389490
685785 409913
623433 400160
609091 437020
624343 403629
668879 388617
567105 437623
657450 365008
591955 378142
588952 437524
607665 447516
608601 418450
662830 420955
605891 428146
615239 317684
588933 366439
618053 357534
577773 434308
606558 458285
620955 389692
738190 371970
634661 446187
571692 449353
605650 447537
639502 371440
684568 380640
658735 399039
618157 384990
618869 398187
603388 403039
585255 415823
639507 438534
594112 399331
619475 400592
571570 375257
659297 373975
603285 449307
610199 394579
590500 418472
630904 404643
591725 406549
621560 397789
563182 367521
593879 444161
616054 371666
627679 395601
608195 447380
616737 397973
650120 324477
616926 398697
650859 460072
642157 345545
601369 411415
604703 392288
721905 378957
619415 397644
571043 347389
659191 459637
629978 400626
688487 383589
598053 438963
635242 356290
605899 412428
656642 407213
619924 406713
630067 372798
600007 377908
589164 386733
630491 379017
618676 377015
639613 388524
669409 415893
681608 436537
649968 371445
629000 417990
658884 390135
605407 427914
629891 414975
621778 364695
610722 418243
601599 388540
615649 429323
627206 402647
643965 366316
614877 402442
606486 420054
668482 358452
628715 434772
196462 887983
335970 846828
272394 837600
211165 825505
226433 837646
219686 859997
242087 844255
213558 873714
245144 845719
247997 878582
283576 809069
224676 859348
298214 820903
245468 859425
222704 824909
250921 819639
249209 801933
230591 874855
234091 876039
286769 862152
224789 866804
245023 849247
263626 851699
250198 825417
231263 863308
307605 840195
276635 875623
230399 842538
274070 798617
247939 831010
209922 850026
300726 862728
222727 770963
239505 885057
291561 845450
221122 832810
194258 914691
228928 855040
264627 808661
225916 843329
240221 843932
276600 823311
204854 810013
278326 829095
246047 846189
251032 876118
285258 848668
260943 889692
245928 867228
221002 870506
292872 896822
261896 897475
269723 849664
243941 843256
249370 872804
237120 856814
257472 849587
253703 834676
238080 830689
225991 869734
231781 799444
296892 901182
234604 822462
241473 860854
219864 842635
235901 856563
207217 878249
256949 820470
204597 863162
325275 866433
239344 814789
187894 871219
259973 862559
189752 865463
245707 844466
188480 870646
305915 854818
242443 851797
227138 824372
229970 878786
281971 825246
241166 845204
225846 874086
284077 905181
258975 837353
241972 840749
245602 857160
227363 836593
257926 936947
237689 839510
267799 847911
207552 772091
201567 881003
265125 820661
273165 852766
290210 818593
256487 868899
271395 862063
251958 886571
249253 856047
268289 878265
295375 861990
256316 818886
246470 842932
314666 849163
298979 774144
192885 887667
227819 900986
250003 859517
249857 844975
218369 851387
252586 806474
283017 850861
228095 843338
266980 825990
241381 844402
294053 878220
253339 750941
241413 845029
294326 807584
257856 846423
248210 886338
216846 737568
244743 830888
277055 860813
279923 805957
235041 823732
238524 842928
246453 883061
260590 827955
274554 845338
245254 907991
299821 866288
261120 804153
246729 879602
240308 844341
220620 819091
268926 813783
234219 845270
188424 849785
240171 843940
163766 859386
191257 802651
224852 934148
261093 844962
228711 848090
183478 851724
201080 823689
118590 857150
264798 767716
313609 860065
232246 844226
237757 834092
222682 806314
243331 844022
197362 870337
229857 843917
244257 776516
224083 852922
309399 838744
271205 817620
242247 864253
235337 831592
232357 810798
252199 828023
267049 950249
245678 821691
241138 844374
246182 840370
264175 824349
266977 887963
274685 883097
244260 847060
256073 917590
258416 835432
241687 844256
282603 846165
228032 893055
226949 889283
264274 813041
139601 914203
229131 842806
236274 861302
261819 863523
200005 825237
310591 841778
244049 817710
235022 911236
256512 837094
236495 861569
256889 880721
258528 856273
233284 860085
257480 849037
269354 811847
222445 891438
222356 840843
236207 886769
174371 864697
159683 838958
237750 837381
241545 838673
256082 831969
246468 838071
205919 844377
266111 813259
244246 847589
244899 812192
219316 898830
251866 864044
238308 790723
209264 836661
242519 845811
351883 890475
278929 842054
244027 850132
248570 843156
224681 858432
210276 824826
220884 916718
240846 841609
257093 801567
236749 813868
332237 911313
288954 846991
238084 844799
236431 844100
299772 828655
241633 846949
230107 858332
256216 903741
258135 880184
232331 872896
183583 787453
264293 890923
213208 833959
224288 931476
261622 869706
297183 841456
241849 815141
308616 811021
220931 876605
289719 866638
233931 838374
224694 848663
240645 855514
229567 855332
247613 815836
239387 847822
257788 880587
245532 846331
224241 828996
227582 856861
244618 845420
213775 841758
243511 830743
244799 841688
216061 848623
294492 832336
248931 844960
267478 894783
228715 837572
269483 848608
248276 844455
236987 881080
223732 826580
230149 886583
265299 859533
181803 799487
247210 859012
261633 773355
262370 891499
250394 847577
222019 839774
238328 770068
208941 860169
238714 858826
241005 825301
270742 847836
238492 833394
312726 853829
286663 846902
261796 819395
253890 807676
242415 844335
134134 842630
163956 833732
250359 849451
295357 842293
218942 848326
205466 778884
253899 862843
244966 841126
208494 850615
221126 837878
271093 861412
216543 842952
255185 825960
251070 877802
264565 859237
228611 836717
228517 837056
198583 860431
215976 836025
254411 848090
168036 807011
292194 906490
243951 865415
260922 785987
245740 814541
317675 838127
274505 864723
230049 865536
235084 818866
172690 847721
221706 875060
236740 853169
298800 824277
265246 889333
219498 851932
247484 846372
288675 919879
229280 813483
282622 879222
307300 836132
238260 882489
219049 825171
219321 848396
240028 849354
212009 864463
246857 852483
245118 811283
247855 794626
253655 821946
241475 850889
210162 860529
204922 854068
225567 853078
245258 799882
257134 845851
187314 815820
294275 174786
329428 66056
325938 164475
253129 154296
319838 170383
240213 118409
283784 178305
376613 159699
338717 181582
304283 183656
314519 146787
270899 175377
291228 101272
291170 110147
321522 163852
202627 179376
307913 91419
311093 169734
321775 164846
294832 124284
295537 91032
383044 180418
338570 192256
337894 175289
359796 165920
316263 163806
320972 170417
277860 111893
367806 123963
359352 162962
350964 149159
332201 181702
287966 150135
346942 152780
232784 169847
292492 99170
334529 166765
363208 238649
196795 190277
353333 113156
373191 88470
333789 151168
339732 163158
321822 187102
276792 141848
308044 164482
311328 159477
383052 89061
316820 150304
314479 178821
310824 144943
333143 200298
300672 175844
339482 151261
319208 164182
321645 164662
308763 166511
308066 145825
360143 155270
348893 195430
319283 158983
332284 194186
292402 184441
361227 221878
313573 109221
310693 154278
344482 215846
358652 186358
330533 214555
320400 160020
267662 127175
396583 82842
292193 125417
324121 96346
321344 166633
234837 151054
368060 76739
347050 150472
245783 109229
400550 144359
343217 153037
315488 160339
347406 155708
336845 172750
357014 148222
331862 169092
322140 165212
363075 162238
318738 182134
346717 178180
311819 140674
332032 157725
301983 173386
321556 163352
315830 102777
312275 145173
325861 203058
360703 150999
345976 148333
320210 191459
318665 158107
425563 163524
264427 188193
348177 179526
265430 151883
320718 158610
380609 185976
345234 188822
362027 150348
300294 178772
315963 174031
333787 189423
337343 156614
334812 137431
347492 153416
324518 167369
353991 193997
274321 219665
335476 183897
300021 159185
384591 137729
320000 162605
268938 211870
366146 196571
356280 185198
325767 164095
350480 214608
314791 163370
302582 134124
328851 147002
347039 195468
289531 145743
343018 239960
271123 163465
326959 154655
332307 189590
310529 141617
380281 205779
411606 137378
348191 165419
305292 175260
256120 141529
390934 170420
358562 112650
355499 224982
363437 77975
232043 177614
246753 175170
327204 152871
371685 151612
291723 177824
324488 180658
340048 131847
295311 115000
239495 163949
267521 119941
401396 125431
260930 184935
336085 170252
291782 159562
307616 207295
352910 145624
294653 104623
372883 222824
318707 160697
281548 175184
307747 128551
336991 217448
270233 195701
433100 134861
311433 134432
375353 117180
315146 160782
311163 166821
305333 171939
332470 161202
302266 185591
370775 144355
314552 151035
343145 172236
331212 162496
299460 144708
383894 179880
345703 149860
331381 162660
344364 213940
378347 144880
322789 137560
328425 159826
341137 78287
317771 154916
336266 148507
342066 119083
297177 88467
280519 165350
305901 166656
284757 175853
281732 221764
321262 178491
344710 213543
311408 168232
356500 188114
304376 222294
278116 185472
247892 115217
306326 164202
311516 94189
323747 163351
321778 158339
309501 166931
333942 143344
339393 209145
340996 170964
315333 144566
332853 168141
290958 168323
297731 175876
280274 182662
306540 193434
319155 159850
355168 114823
270201 236813
347630 120931
446538 180119
371052 147369
403365 215735
258201 153095
335121 214149
283786 133973
353951 133923
345069 165968
367079 183232
363932 228249
354132 161850
390538 157197
333805 148479
325344 159885
323905 168029
274495 182470
309684 150076
381617 157000
322841 169735
359520 132845
249616 144446
321620 169950
415495 116126
335742 196692
271424 251323
340066 152500
327734 163585
346079 220993
276741 143844
377042 182019
400055 131725
332246 172932
310386 171068
327569 158418
324444 166910
317217 163896
270404 183080
277512 151920
324966 170021
306421 145493
382419 110392
318266 171979
321245 141627
318192 170844
320821 165455
329029 204399
311065 219934
287127 192494
283571 109326
308748 199866
369490 164369
270729 67329
279010 181792
282957 179982
308489 145929
327927 168535
327022 161396
376557 109320
248427 146381
321182 150806
312337 154488
268518 181514
285865 167818
279251 184486
306042 66361
318215 180010
293978 197091
338044 233264
293864 241877
344380 183817
316257 171544
248779 111087
313783 177198
415534 110526
296164 96874
315670 160928
339137 160334
290700 196285
307107 174760
325279 168587
328423 161604
333883 276840
308555 134011
322101 164171
306357 123397
292931 125341
284378 223470
335003 151395
267212 158699
343851 193618
296627 93375
334980 143900
335235 180161
360945 167952
257841 193878
275288 212315
331798 143962
333937 51121
328775 156501
319829 168353
293201 192871
327608 177638
332562 174699
348815 150017
312227 159417
324337 162686
323329 93955
291973 127483
258779 106777
325360 134919
267264 153034
312421 170617
293350 175997
275459 190178
244344 185382
252845 181181
357923 192120
382720 263255
326040 156509
165104 543395
139903 592241
132705 557674
114311 601605
102460 533057
185935 554627
123441 594415
 97216 564094
110948 539533
101553 517715
133023 574572
144570 573936
136531 557658
173576 507309
179189 536028
141238 557986
156430 615117
 69169 631490
 31842 565765
144620 575370
155899 561715
137451 555339
 68388 574380
166290 521714
210499 526471
148319 584541
135336 552552
136606 562296
136301 569544
119386 620549
139212 557713
 84501 604671
176602 574552
105945 528795
140989 537156
138449 555969
128669 574591
 95749 602775
139460 557260
130440 562623
147885 527813
 58190 608304
151701 574146
148385 538149
142668 544976
145251 553486
